dt = 0.001; Cv = 0.5
0.0, 0.5, 14.7,14.7
0.001, 0.5001874978039498, 56.12773704086639,14.700367504883255
0.002, 0.5006860965982852, 83.76388361048677,14.701330425807056
0.003, 0.5015737647033333, 101.14090101228828,14.7030301305581
0.004, 0.5028959553513557, 111.2142610987173,14.705544361576596
0.005, 0.5046763155555971, 116.39679080911536,14.708909252367548
0.006, 0.5069251427393583, 118.591145289011,14.71313606063405
0.007, 0.5096457464665433, 119.22534984281354,14.71822359937414
0.008, 0.5128387460942354, 119.26162874341992,14.724166535262022
0.009000000000000001, 0.5165041252170883, 119.15910799477696,14.730959262362424
0.010000000000000002, 0.5206417396708011, 119.03135539935377,14.738596759418112
0.011000000000000003, 0.5252513980502316, 118.89655054546725,14.747074643828704
0.012000000000000004, 0.5303328753920274, 118.75795309058388,14.756389122973987
0.013000000000000005, 0.5358859162271294, 118.61643144183522,14.766536943843981
0.014000000000000005, 0.5419102356321924, 118.47238452602811,14.77751535173932
0.015000000000000006, 0.5484055198328655, 118.32608731274041,14.789322057232523
0.016000000000000007, 0.5553714266933578, 118.17776532820865,14.801955209569948
0.017000000000000008, 0.5628075861821041, 118.02761502423337,14.815413375040876
0.01800000000000001, 0.5707136008452347, 117.87581148832295,14.82969551923877
0.01900000000000001, 0.5790890463022197, 117.72251253377411,14.844800992435573
0.02000000000000001, 0.5879334717710344, 117.56786143185525,14.860729517495729
0.02100000000000001, 0.597246400626373, 117.411988961999,14.877481179899748
0.022000000000000013, 0.6070273309919196, 117.25501503518358,14.895056419548103
0.023000000000000013, 0.6172757363658887, 117.09705001485177,14.913456024089301
0.024000000000000014, 0.6279910662777303, 116.93819580973116,14.932681123569397
0.025000000000000015, 0.6391727469729459, 116.77854678900097,14.952733186240366
0.026000000000000016, 0.650820182122305, 116.61819055642862,14.973614015395675
0.027000000000000017, 0.662932753551326, 116.457208611057,14.99532574712491
0.028000000000000018, 0.6755098219856599, 116.29567691566892,15.017870848898491
0.02900000000000002, 0.6885507278079339, 116.13366638960719,15.041252118908478
0.03000000000000002, 0.7020547918216618, 115.97124333904134,15.065472686103897
0.03100000000000002, 0.7160213160179717, 115.80846983511434,15.090536010869233
0.03200000000000002, 0.7304495843411186, 115.645404048351,15.116445886303277
0.03300000000000002, 0.7453388634490183, 115.48210054611009,15.143206440062801
0.03400000000000002, 0.7606884034653488, 115.31861055860367,15.170822136741792
0.035000000000000024, 0.7764974387200944, 115.15498221801067,15.199297780762285
0.036000000000000025, 0.7927651884757494, 114.99126077441676,15.2286385197577
0.037000000000000026, 0.8094908576367411, 114.82748879167431,15.258849848433684
0.03800000000000003, 0.8266736374399672, 114.66370632576121,15.289937612895182
0.03900000000000003, 0.8443127061246707, 114.49995108779979,15.32190801543186
0.04000000000000003, 0.8624072295801797, 114.33625859355651,15.354767619757009
0.04100000000000003, 0.8809563619703329, 114.17266230096472,15.388523356697757
0.04200000000000003, 0.8999592463336735, 114.0091937369826,15.423182530337154
0.04300000000000003, 0.9194150151587437, 113.8458826149102,15.458752824610766
0.04400000000000003, 0.9393227909340285, 113.6827569431321,15.495242310362922
0.04500000000000003, 0.9596816866722984, 113.51984312612075,15.532659452869591
0.046000000000000034, 0.9804908064092727, 113.35716605842772,15.571013119837023
0.047000000000000035, 1.0017492456766797, 113.19474921229721,15.610312589887057
0.048000000000000036, 1.0234560919499223, 113.03261471945899,15.65056756154192
0.04900000000000004, 1.0456104250706675, 112.87078344759337,15.691788162723082
0.05000000000000004, 1.0682113176447798, 112.70927507190324,15.733984960780578
0.05100000000000004, 1.0912578354160873, 112.54810814218317,15.77716897307082
0.05200000000000004, 1.114749037616542, 112.38730014573217,15.821351678102856
0.05300000000000004, 1.1386839772933797, 112.22686756642332,15.866545027274691
0.05400000000000004, 1.1630617016139237, 112.06682594021241,15.912761457223187
0.05500000000000004, 1.1878812521487083, 111.90718990734047,15.960013902812767
0.05600000000000004, 1.2131416651336053, 111.74797326146317,16.00831581079027
0.057000000000000044, 1.2388419717116592, 111.58918899591865,16.057681154135086
0.058000000000000045, 1.264981198155327, 111.4308493473275,16.108124447135918
0.059000000000000045, 1.291558366069823, 111.2729658367029,16.159660761227524
0.060000000000000046, 1.3185724925782545, 111.11554930823456,16.212305741623247
0.06100000000000005, 1.3460225904892211, 110.958609965897,16.266075624781287
0.06200000000000005, 1.3739076684475384, 110.80215740802187,16.320987256745422
0.06300000000000004, 1.4022267310687162, 110.64620065996303,16.37705811240341
0.06400000000000004, 1.4309787790578088, 110.49074820497434,16.434306315709158
0.06500000000000004, 1.4601628093132208, 110.33580801341108,16.492750660917768
0.06600000000000004, 1.4897778150160332, 110.18138757035852,16.552410634885778
0.06700000000000005, 1.5198227857053799, 110.02749390178401,16.61330644049234
0.06800000000000005, 1.5502967073403802, 109.87413359930231,16.67545902124069
0.06900000000000005, 1.581198562349103, 109.72131284363823,16.73889008710318
0.07000000000000005, 1.6125273296650056, 109.56903742686478,16.803622141677373
0.07100000000000005, 1.6442819847512662, 109.41731277349037,16.869678510725112
0.07200000000000005, 1.6764614996133915, 109.26614396046358,16.937083372171276
0.07300000000000005, 1.7090648428004578, 109.11553573616003,17.005861787644186
0.07400000000000005, 1.742090979395311, 108.96549253841148,17.076039735645004
0.07500000000000005, 1.7755388709940212, 108.81601851163408,17.14764414643958
0.07600000000000005, 1.8094074756748595, 108.66711752310879,17.220702938772508
0.07700000000000005, 1.843695747957036, 108.518793178464,17.295245058510115
0.07800000000000006, 1.8784026387494082, 108.37104883640748,17.37130051932647
0.07900000000000006, 1.9135270952893424, 108.22388762275182,17.448900445554624
0.08000000000000006, 1.949068061071881, 108.07731244377501,17.528077117333847
0.08100000000000006, 1.985024475769342, 107.93132599895573,17.60886401819306
0.08200000000000006, 2.0213952751414523, 107.78593079311996,17.691295885220708
0.08300000000000006, 2.0581793909360804, 107.64112914803438,17.775408761982323
0.08400000000000006, 2.09537575078062, 107.49692321347916,17.861240054358763
0.08500000000000006, 2.1329832780640374, 107.35331497783183,17.948828589491033
0.08600000000000006, 2.1710008918095745, 107.21030627819133,18.03821467803143
0.08700000000000006, 2.2094275065380726, 107.06789881007072,18.12944017991588
0.08800000000000006, 2.248262032121851, 106.92609413668474,18.22254857388867
0.08900000000000007, 2.287503373629049, 106.78489369785773,18.317585031028653
0.09000000000000007, 2.3271504311583144, 106.6442988185757,18.414596492545197
0.09100000000000007, 2.3672020996636887, 106.50431071720539,18.513631752133463
0.09200000000000007, 2.4076572687695137, 106.3649305134021,18.614741543201347
0.09300000000000007, 2.448514822575152, 106.22615923572744,18.71797863130552
0.09400000000000007, 2.489773639449287, 106.08799782899575,18.823397912161347
0.09500000000000007, 2.5314325918135325, 105.95044716136984,18.931056515621307
0.09600000000000007, 2.573490545915052, 105.81350803122274,19.041013916049067
0.09700000000000007, 2.61594636158785, 105.67718117378429,19.15333204955218
0.09800000000000007, 2.658798892002375, 105.5414672675886,19.268075438575398
0.09900000000000007, 2.702046983403014, 105.40636694073949,19.38531132439958
0.10000000000000007, 2.7456894748330445, 105.2718807770093,19.505109808138002
0.10100000000000008, 2.789725197846552, 105.13800932178678,19.627544000873886
0.10200000000000008, 2.8341529762067843, 105.00475308788927,19.752690183639615
0.10300000000000008, 2.8789716255703723, 104.87211256125347,19.880627978000682
0.10400000000000008, 2.924179953156785, 104.74008820652003,20.011440528076577
0.10500000000000008, 2.969776757402355, 104.6086804725255,20.145214694906787
0.10600000000000008, 3.015760827598136, 104.47788979771649,20.282041264154216
0.10700000000000008, 3.062130943510812, 104.34771661549965,20.422015168231372
0.10800000000000008, 3.1088858749857997, 104.21816135954194,20.56523572403747
0.10900000000000008, 3.1560243815316325, 104.08922446903489,20.711806887608937
0.11000000000000008, 3.203545211884631, 103.96090639393766,20.861837527112257
0.11100000000000008, 3.2514471035527945, 103.83320760021255,21.015441715749027
0.11200000000000009, 3.299728782337759, 103.70612857506852,21.172739046299615
0.11300000000000009, 3.3483889618335767, 103.57966983222684,21.333854969206463
0.11400000000000009, 3.397426342900977, 103.45383191722496,21.498921156292692
0.11500000000000009, 3.446839613115657, 103.32861541277407,21.66807589242936
0.11600000000000009, 3.49662744618904, 103.20402094418678,21.84146449770816
0.11700000000000009, 3.5467885013598033, 103.08004918489256,22.019239782949224
0.11800000000000009, 3.597321422754353, 102.95670086205817,22.201562541679806
0.11900000000000009, 3.648224838714261, 102.83397676233245,22.388602082063983
0.12000000000000009, 3.699497361088524, 102.71187773773497,22.580536802650883
0.1210000000000001, 3.751137584488316, 102.5904047117098,22.777554816246077
0.1220000000000001, 3.803144085501719, 102.46955868536658,22.97985462670426
0.1230000000000001, 3.855515421865693, 102.34934074393286,23.187645864000213
0.1240000000000001, 3.908250131592309, 102.22975206344292,23.401150083568055
0.12500000000000008, 3.9613467320460103, 102.110793917691,23.620601636618062
0.12600000000000008, 4.014803718968382, 101.9924676854778,23.84624861895874
0.12700000000000009, 4.068619565446574, 101.87477485818262,24.078353906784532
0.12800000000000009, 4.12279272082119, 101.75771704769558,24.31719628895579
0.1290000000000001, 4.177321609529056, 101.64129599474747,24.56307170651721
0.1300000000000001, 4.232204629875836, 101.52551357767811,24.81629461160096
0.1310000000000001, 4.287440152733004, 101.41037182168826,25.07719945946995
0.1320000000000001, 4.343026520153118, 101.2958729086237,25.346142349311105
0.1330000000000001, 4.398962043896765, 101.1820191873458,25.623502831530896
0.1340000000000001, 4.4552450038638565, 101.06881318474757,25.909685901785604
0.1350000000000001, 4.511873646421206, 100.95625761748066,26.205124204858464
0.1360000000000001, 4.568846182617495, 100.84435540446594,26.51028047484727
0.1370000000000001, 4.62616078627575, 100.73310968026777,26.82565024203712
0.1380000000000001, 4.68381559195241, 100.62252380942124,27.15176484141049
0.1390000000000001, 4.741808692750852, 100.51260140181189,27.489194763119627
0.1400000000000001, 4.800138137975855, 100.40334632921899,27.838553391571228
0.1410000000000001, 4.858801930613952, 100.29476274314666,28.200501187243383
0.1420000000000001, 4.917798024622823, 100.18685509408246,28.575750374205136
0.1430000000000001, 4.977124322010906, 100.07962815234055,28.96507020683114
0.1440000000000001, 5.0367786696860355, 99.97308703066628,29.369292901756744
0.1450000000000001, 5.096758856049334, 99.86723720880323,29.789320336150634
0.1460000000000001, 5.157062607307484, 99.76208456024878,30.226131631450414
0.1470000000000001, 5.2176875834730305, 99.6576353814579,30.680791763512207
0.1480000000000001, 5.278631374018266, 99.55389642378887,31.154461366551104
0.1490000000000001, 5.339891493143556, 99.45087492852872,31.648407930414752
0.1500000000000001, 5.401465374615431, 99.34857866538471,32.164018630062124
0.1510000000000001, 5.4633503661233584, 99.24701597488784,32.70281507444116
0.1520000000000001, 5.525543723096525, 99.14619581522238,33.26647032162576
0.1530000000000001, 5.588042601913083, 99.04612781407833,33.85682858113792
0.1540000000000001, 5.650844052423758, 98.94682232622044,34.47592811682974
0.1550000000000001, 5.7139450096991915, 98.84829049758476,35.1260279797692
0.1560000000000001, 5.777342284895438, 98.75054433685366,35.80963934719805
0.1570000000000001, 5.841032555114098, 98.65359679562917,36.52956243005697
0.1580000000000001, 5.905012352111911, 98.55746185853033,37.28893015023963
0.1590000000000001, 5.96927804968841, 98.46215464479044,38.09126009650927
0.16000000000000011, 6.033825849548205, 98.36769152323792,38.94051666796727
0.16100000000000012, 6.098651765395243, 98.27409024292379,39.841185837989315
0.16200000000000012, 6.163751604967834, 98.18137008213083,40.79836566414025
0.16300000000000012, 6.229120949662991, 98.08955201909006,41.81787659352826
0.16400000000000012, 6.294755131323042, 97.99865892847447,42.90639685796895
0.16500000000000012, 6.360649205662091, 97.90871580868611,44.071629948681455
0.16600000000000012, 6.426797921688475, 97.81975004616552,45.32251349563531
0.16700000000000012, 6.493195686323213, 97.73179172452042,46.66948213372746
0.16800000000000012, 6.559836523211951, 97.64487398832016,48.12480154149419
0.16900000000000012, 6.626714024462191, 97.55903347410677,49.70299743957136
0.17000000000000012, 6.6938212936851285, 97.47431082478747,51.421412953099164
0.17100000000000012, 6.761150878247812, 97.39075130846011,53.30094199538288
0.17200000000000013, 6.828694687996266, 97.30840556942584,55.36700785701625
0.17300000000000013, 6.896443896818108, 97.22733054847514,57.65088938113679
0.17400000000000013, 6.964388822158902, 97.14759062274486,60.191549491641126
0.17500000000000013, 7.032518775809976, 97.06925903449799,63.038205661777134
0.17600000000000013, 7.1008218766588636, 96.99241970623038,66.25402326327966
0.17700000000000013, 7.169284812163529, 96.917169581778,69.92155609889573
0.17800000000000013, 7.237892529275472, 96.84362169847911,74.15099325930896
0.17900000000000013, 7.306627825985525, 96.77190929964469,79.09308233502743
0.18000000000000013, 7.375470799024322, 96.7021914684556,84.9601883323744
0.18100000000000013, 7.4443980765886115, 96.63466105946921,92.0622512332818
0.18200000000000013, 7.5, 96.74185843549658,98.17209924597587
0.18300000000000013, 7.5, 97.5624261764532,93.78413095595874
0.18400000000000014, 7.5, 98.35963620123299,89.58259503226641
0.18500000000000014, 7.5, 99.13399250119119,85.5614801670847
0.18600000000000014, 7.5, 99.88599169765382,81.71490642043106
0.18700000000000014, 7.5, 100.61612309807292,78.03712372908802
0.18800000000000014, 7.5, 101.3248687521474,74.52251041678828
0.18900000000000014, 7.5, 102.01270350790955,71.1655717056607
0.19000000000000014, 7.5, 102.68009506777683,67.96093822894576
0.19100000000000014, 7.5, 103.32750404456874,64.90336454498966
0.19200000000000014, 7.5, 103.95538401748867,61.987727652526026
0.19300000000000014, 7.5, 104.56418158807055,59.20902550725486
0.19400000000000014, 7.5, 105.15433643609006,56.56237553972758
0.19500000000000015, 7.5, 105.72628137544012,54.04301317454814
0.19600000000000015, 7.5, 106.28044240997068,51.64629035089941
0.19700000000000015, 7.5, 106.81723878929239,49.36767404440493
0.19800000000000015, 7.5, 107.33708306454407,47.20274479033557
0.19900000000000015, 7.5, 107.84038114412384,45.14719520817134
0.20000000000000015, 7.5, 108.32753234938336,43.19682852752825
0.20100000000000015, 7.5, 108.79892947028553,41.34755711546055
0.20200000000000015, 7.5, 109.25495882102493,39.595401005148716
0.20300000000000015, 7.5, 109.69600029561104,37.9364864259835
0.20400000000000015, 7.5, 110.12242742341401,36.36704433505694
0.20500000000000015, 7.5, 110.53460742467256,34.88340895007068
0.20600000000000016, 7.5, 110.9329012659642,33.48201628367276
0.20700000000000016, 7.5, 111.31766371563715,32.159402679233665
0.20800000000000016, 7.5, 111.68924339920379,30.912203348072737
0.20900000000000016, 7.5, 112.04798285469572,29.737150908146244
0.21000000000000016, 7.5, 112.39421858797978,28.6310739242083
0.21100000000000016, 7.5, 112.72828112803509,27.59089544945614
0.21200000000000016, 7.5, 113.05049508219074,26.613631568671263
0.21300000000000016, 7.5, 113.36117919132396,25.696389942868098
0.21400000000000016, 7.5, 113.66064638501844,24.83636835546191
0.21500000000000016, 7.5, 113.9492038366826,24.030853259967788
0.21600000000000016, 7.5, 114.22715301862763,23.277218329242626
0.21700000000000016, 7.5, 114.4947897571049,22.572923006282085
0.21800000000000017, 7.5, 114.75240428730254,21.915511056584617
0.21900000000000017, 7.5, 115.00028130830117,21.302609122094605
0.22000000000000017, 7.5, 115.23870003798793,20.73192527673685
0.22100000000000017, 7.5, 115.46793426792927,20.201247583554522
0.22200000000000017, 7.5, 115.68825241820171,19.7084426534628
0.22300000000000017, 7.5, 115.89991759218043,19.251454205630353
0.22400000000000017, 7.5, 116.10318763128552,18.82830162950085
0.22500000000000017, 7.5, 116.29831516968557,18.43707854846655
0.22600000000000017, 7.5, 116.48554768895815,18.07595138520599
0.22700000000000017, 7.5, 116.66512757270723,17.74315792869766
0.22800000000000017, 7.5, 116.8372921611368,17.43700590292136
0.22900000000000018, 7.5, 117.00227380558088,17.15587153725879
0.23000000000000018, 7.5, 117.16029992298924,16.898198138604617
0.23100000000000018, 7.5, 117.31159305036874,16.662494665198967
0.23200000000000018, 7.5, 117.45637089917986,16.44733430219196
0.23300000000000018, 7.5, 117.5948464096883,16.25135303895035
0.23400000000000018, 7.5, 117.72722780527103,16.07324824811595
0.23500000000000018, 7.5, 117.85371864667682,15.91177726642471
0.23600000000000018, 7.5, 117.97451788624058,15.765755977294722
0.23700000000000018, 7.5, 118.08981992205157,15.634057395190455
0.23800000000000018, 7.5, 118.19981465207482,15.515610251769527
0.23900000000000018, 7.5, 118.30468752822547,15.409397583817132
0.24000000000000019, 7.5, 118.40461961039597,15.314455322971796
0.2410000000000002, 7.5, 118.4997876204355,15.22987088724456
0.2420000000000002, 7.5, 118.59036399608132,15.154781774331703
0.2430000000000002, 7.5, 118.67651694484175,15.088374156718995
0.2440000000000002, 7.5, 118.75841049783057,15.02988147857279
0.2450000000000002, 7.5, 118.83620456355207,14.978583054410311
0.2460000000000002, 7.5, 118.91005498163683,14.933802669537895
0.2470000000000002, 7.5, 118.98011357652763,14.894907182241894
0.2480000000000002, 7.5, 119.04652821111512,14.861305127712027
0.2490000000000002, 7.5, 119.1094428403229,14.832445323671337
0.25000000000000017, 7.5, 119.16899756464173,14.807815477680181
0.25100000000000017, 7.5, 119.22532868361228,14.786940796073827
0.25200000000000017, 7.5, 119.27856874925625,14.7693825944838
0.25300000000000017, 7.5, 119.32884661945513,14.754736909882068
0.25400000000000017, 7.5, 119.37628751127679,14.742633114073874
0.25500000000000017, 7.5, 119.42101305424872,14.732732528549151
0.25600000000000017, 7.5, 119.46314134357822,14.724727040583371
0.2570000000000002, 7.5, 119.50278699331865,14.718337720455612
0.2580000000000002, 7.5, 119.54006118948165,14.713313439623693
0.2590000000000002, 7.5, 119.57507174309454,14.709429489662122
0.2600000000000002, 7.5, 119.60792314320287,14.706486201726799
0.2610000000000002, 7.5, 119.6387166098175,14.704307566259342
0.2620000000000002, 7.5, 119.6675501468056,14.702739852580955
0.2630000000000002, 7.5, 119.69451859472565,14.701650227949441
0.2640000000000002, 7.5, 119.71971368360535,14.700925375563202
0.2650000000000002, 7.5, 119.74322408566253,14.700470110902614
0.2660000000000002, 7.5, 119.76513546796836,14.700205995756995
0.2670000000000002, 7.5, 119.78553054505245,14.700069949593344
0.2680000000000002, 7.5, 119.80448913144942,14.700012860710762
0.2690000000000002, 7.5, 119.82208819418655,14.699998232430131
0.2700000000000002, 7.5, 119.83840190521194,14.700001198866415
0.2710000000000002, 7.5, 119.85350169376287,14.699999027785722
0.2720000000000002, 7.5, 119.86745629867382,14.700000862231546
0.2730000000000002, 7.5, 119.88033182062372,14.699999196573415
0.2740000000000002, 7.5, 119.8921917743222,14.700000770269954
0.2750000000000002, 7.5, 119.90309714063392,14.699999249003866
0.2760000000000002, 7.5, 119.9131064186413,14.70000073958959
0.2770000000000002, 7.5, 119.92227567764448,14.69999926723355
0.2780000000000002, 7.5, 119.93065860909869,14.700000728658678
0.2790000000000002, 7.5, 119.93830657848828,14.69999927382396
0.2800000000000002, 7.5, 119.94526867713735,14.700000724672062
0.2810000000000002, 7.5, 119.95159177395621,14.699999276240339
0.2820000000000002, 7.5, 119.957320567124,14.700000723205662
0.2830000000000002, 7.5, 119.96249763570641,14.699999277130892
0.2840000000000002, 7.5, 119.9671634912089,14.70000072266458
0.2850000000000002, 7.5, 119.9713566290648,14.699999277459733
0.2860000000000002, 7.5, 119.97511358005828,14.700000722464695
0.2870000000000002, 7.5, 119.97846896168203,14.699999277581245
0.2880000000000002, 7.5, 119.98145552942962,14.700000722390824
0.2890000000000002, 7.5, 119.98410422802253,14.699999277626157
0.2900000000000002, 7.5, 119.98644424257186,14.700000722363518
0.2910000000000002, 7.5, 119.98850304967523,14.699999277642759
0.2920000000000002, 7.5, 119.99030646844868,14.700000722353424
0.2930000000000002, 7.5, 119.99187871149454,14.699999277648896
0.2940000000000002, 7.5, 119.99324243580544,14.70000072234969
0.2950000000000002, 7.5, 119.99441879360563,14.699999277651166
0.2960000000000002, 7.5, 119.99542748313024,14.700000722348312
0.2970000000000002, 7.5, 119.99628679934395,14.699999277652005
0.2980000000000002, 7.5, 119.99701368460076,14.700000722347802
0.2990000000000002, 7.5, 119.99762377924638,14.699999277652312
0.3000000000000002, 7.5, 119.99813147216595,14.700000722347616
0.3010000000000002, 7.5, 119.99854995127977,14.699999277652427
0.3020000000000002, 7.5, 119.99889125399055,14.700000722347543
0.3030000000000002, 7.5, 119.99916631758623,14.699999277652472
0.3040000000000002, 7.5, 119.99938502960367,14.70000072234752
0.3050000000000002, 7.5, 119.9995562781591,14.699999277652484
0.3060000000000002, 7.5, 119.99968800225304,14.70000072234751
0.3070000000000002, 7.5, 119.9997872420584,14.69999927765249
0.3080000000000002, 7.5, 119.99986018920336,14.700000722347507
0.3090000000000002, 7.5, 119.99991223706158,14.699999277652493
0.3100000000000002, 7.5, 119.99994803106712,14.700000722347504
0.3110000000000002, 7.5, 119.99997151907296,14.699999277652497
0.3120000000000002, 7.5, 119.99998600177665,14.700000722347502
0.3130000000000002, 7.5, 119.99999418323564,14.699999277652497
0.3140000000000002, 7.5, 119.99999822147478,14.700000722347502
0.3150000000000002, 7.5, 119.99999977900468,14.699999277652497
0.3160000000000002, 7.5, 120.00000007025884,14.700000722347502
0.3170000000000002, 7.5, 119.99999995434489,14.699999277652497
0.3180000000000002, 7.5, 120.00000003630785,14.700000722347502
0.31900000000000023, 7.5, 119.99999996813231,14.699999277652497
0.32000000000000023, 7.5, 120.0000000295201,14.700000722347502
0.32100000000000023, 7.5, 119.99999997179525,14.699999277652497
0.32200000000000023, 7.5, 120.00000002744295,14.700000722347502
0.32300000000000023, 7.5, 119.99999997300691,14.699999277652497
0.32400000000000023, 7.5, 120.00000002672434,14.700000722347502
0.32500000000000023, 7.5, 119.99999997343733,14.699999277652497
0.32600000000000023, 7.5, 120.00000002646502,14.700000722347502
0.32700000000000023, 7.5, 119.99999997359414,14.699999277652497
0.32800000000000024, 7.5, 120.00000002636997,14.700000722347502
0.32900000000000024, 7.5, 119.99999997365181,14.699999277652497
0.33000000000000024, 7.5, 120.00000002633494,14.700000722347502
0.33100000000000024, 7.5, 119.9999999736731,14.699999277652497
0.33200000000000024, 7.5, 120.00000002632203,14.700000722347502
0.33300000000000024, 7.5, 119.99999997368093,14.699999277652497
0.33400000000000024, 7.5, 120.00000002631727,14.700000722347502
0.33500000000000024, 7.5, 119.99999997368383,14.699999277652497
0.33600000000000024, 7.5, 120.0000000263155,14.700000722347502
0.33700000000000024, 7.5, 119.99999997368491,14.699999277652497
0.33800000000000024, 7.5, 120.00000002631484,14.700000722347502
0.33900000000000025, 7.5, 119.9999999736853,14.699999277652497
0.34000000000000025, 7.5, 120.0000000263146,14.700000722347502
0.34100000000000025, 7.5, 119.99999997368545,14.699999277652497
0.34200000000000025, 7.5, 120.00000002631452,14.700000722347502
0.34300000000000025, 7.5, 119.9999999736855,14.699999277652497
0.34400000000000025, 7.5, 120.00000002631447,14.700000722347502
0.34500000000000025, 7.5, 119.99999997368553,14.699999277652497
0.34600000000000025, 7.5, 120.00000002631447,14.700000722347502
0.34700000000000025, 7.5, 119.99999997368553,14.699999277652497
0.34800000000000025, 7.5, 120.00000002631447,14.700000722347502
0.34900000000000025, 7.5, 119.99999997368553,14.699999277652497
0.35000000000000026, 7.5, 120.00000002631447,14.700000722347502
0.35100000000000026, 7.5, 119.99999997368553,14.699999277652497
0.35200000000000026, 7.5, 120.00000002631447,14.700000722347502
0.35300000000000026, 7.5, 119.99999997368553,14.699999277652497
0.35400000000000026, 7.5, 120.00000002631447,14.700000722347502
0.35500000000000026, 7.5, 119.99999997368553,14.699999277652497
0.35600000000000026, 7.5, 120.00000002631447,14.700000722347502
0.35700000000000026, 7.5, 119.99999997368553,14.699999277652497
0.35800000000000026, 7.5, 120.00000002631447,14.700000722347502
0.35900000000000026, 7.5, 119.99999997368553,14.699999277652497
0.36000000000000026, 7.5, 120.00000002631447,14.700000722347502
0.36100000000000027, 7.5, 119.99999997368553,14.699999277652497
0.36200000000000027, 7.5, 120.00000002631447,14.700000722347502
0.36300000000000027, 7.5, 119.99999997368553,14.699999277652497
0.36400000000000027, 7.5, 120.00000002631447,14.700000722347502
0.36500000000000027, 7.5, 119.99999997368553,14.699999277652497
0.36600000000000027, 7.5, 120.00000002631447,14.700000722347502
0.36700000000000027, 7.5, 119.99999997368553,14.699999277652497
0.36800000000000027, 7.5, 120.00000002631447,14.700000722347502
0.36900000000000027, 7.5, 119.99999997368553,14.699999277652497
0.3700000000000003, 7.5, 120.00000002631447,14.700000722347502
0.3710000000000003, 7.5, 119.99999997368553,14.699999277652497
0.3720000000000003, 7.5, 120.00000002631447,14.700000722347502
0.3730000000000003, 7.5, 119.99999997368553,14.699999277652497
0.3740000000000003, 7.5, 120.00000002631447,14.700000722347502
0.3750000000000003, 7.5, 119.99999997368553,14.699999277652497
0.3760000000000003, 7.5, 120.00000002631447,14.700000722347502
0.3770000000000003, 7.5, 119.99999997368553,14.699999277652497
0.3780000000000003, 7.5, 120.00000002631447,14.700000722347502
0.3790000000000003, 7.5, 119.99999997368553,14.699999277652497
0.3800000000000003, 7.5, 120.00000002631447,14.700000722347502
0.3810000000000003, 7.5, 119.99999997368553,14.699999277652497
0.3820000000000003, 7.5, 120.00000002631447,14.700000722347502
0.3830000000000003, 7.5, 119.99999997368553,14.699999277652497
0.3840000000000003, 7.5, 120.00000002631447,14.700000722347502
0.3850000000000003, 7.5, 119.99999997368553,14.699999277652497
0.3860000000000003, 7.5, 120.00000002631447,14.700000722347502
0.3870000000000003, 7.5, 119.99999997368553,14.699999277652497
0.3880000000000003, 7.5, 120.00000002631447,14.700000722347502
0.3890000000000003, 7.5, 119.99999997368553,14.699999277652497
0.3900000000000003, 7.5, 120.00000002631447,14.700000722347502
0.3910000000000003, 7.5, 119.99999997368553,14.699999277652497
0.3920000000000003, 7.5, 120.00000002631447,14.700000722347502
0.3930000000000003, 7.5, 119.99999997368553,14.699999277652497
0.3940000000000003, 7.5, 120.00000002631447,14.700000722347502
0.3950000000000003, 7.5, 119.99999997368553,14.699999277652497
0.3960000000000003, 7.5, 120.00000002631447,14.700000722347502
0.3970000000000003, 7.5, 119.99999997368553,14.699999277652497
0.3980000000000003, 7.5, 120.00000002631447,14.700000722347502
0.3990000000000003, 7.5, 119.99999997368553,14.699999277652497
0.4000000000000003, 7.5, 120.00000002631447,14.700000722347502
0.4010000000000003, 7.5, 119.99999997368553,14.699999277652497
0.4020000000000003, 7.5, 120.00000002631447,14.700000722347502
0.4030000000000003, 7.5, 119.99999997368553,14.699999277652497
0.4040000000000003, 7.5, 120.00000002631447,14.700000722347502
0.4050000000000003, 7.5, 119.99999997368553,14.699999277652497
0.4060000000000003, 7.5, 120.00000002631447,14.700000722347502
0.4070000000000003, 7.5, 119.99999997368553,14.699999277652497
0.4080000000000003, 7.5, 120.00000002631447,14.700000722347502
0.4090000000000003, 7.5, 119.99999997368553,14.699999277652497
0.4100000000000003, 7.5, 120.00000002631447,14.700000722347502
0.4110000000000003, 7.5, 119.99999997368553,14.699999277652497
0.4120000000000003, 7.5, 120.00000002631447,14.700000722347502
0.4130000000000003, 7.5, 119.99999997368553,14.699999277652497
0.4140000000000003, 7.5, 120.00000002631447,14.700000722347502
0.4150000000000003, 7.5, 119.99999997368553,14.699999277652497
0.4160000000000003, 7.5, 120.00000002631447,14.700000722347502
0.4170000000000003, 7.5, 119.99999997368553,14.699999277652497
0.4180000000000003, 7.5, 120.00000002631447,14.700000722347502
0.4190000000000003, 7.5, 119.99999997368553,14.699999277652497
0.4200000000000003, 7.5, 120.00000002631447,14.700000722347502
0.4210000000000003, 7.5, 119.99999997368553,14.699999277652497
0.4220000000000003, 7.5, 120.00000002631447,14.700000722347502
0.4230000000000003, 7.5, 119.99999997368553,14.699999277652497
0.4240000000000003, 7.5, 120.00000002631447,14.700000722347502
0.4250000000000003, 7.5, 119.99999997368553,14.699999277652497
0.4260000000000003, 7.5, 120.00000002631447,14.700000722347502
0.4270000000000003, 7.5, 119.99999997368553,14.699999277652497
0.4280000000000003, 7.5, 120.00000002631447,14.700000722347502
0.4290000000000003, 7.5, 119.99999997368553,14.699999277652497
0.4300000000000003, 7.5, 120.00000002631447,14.700000722347502
0.4310000000000003, 7.5, 119.99999997368553,14.699999277652497
0.43200000000000033, 7.5, 120.00000002631447,14.700000722347502
0.43300000000000033, 7.5, 119.99999997368553,14.699999277652497
0.43400000000000033, 7.5, 120.00000002631447,14.700000722347502
0.43500000000000033, 7.5, 119.99999997368553,14.699999277652497
0.43600000000000033, 7.5, 120.00000002631447,14.700000722347502
0.43700000000000033, 7.5, 119.99999997368553,14.699999277652497
0.43800000000000033, 7.5, 120.00000002631447,14.700000722347502
0.43900000000000033, 7.5, 119.99999997368553,14.699999277652497
0.44000000000000034, 7.5, 120.00000002631447,14.700000722347502
0.44100000000000034, 7.5, 119.99999997368553,14.699999277652497
0.44200000000000034, 7.5, 120.00000002631447,14.700000722347502
0.44300000000000034, 7.5, 119.99999997368553,14.699999277652497
0.44400000000000034, 7.5, 120.00000002631447,14.700000722347502
0.44500000000000034, 7.5, 119.99999997368553,14.699999277652497
0.44600000000000034, 7.5, 120.00000002631447,14.700000722347502
0.44700000000000034, 7.5, 119.99999997368553,14.699999277652497
0.44800000000000034, 7.5, 120.00000002631447,14.700000722347502
0.44900000000000034, 7.5, 119.99999997368553,14.699999277652497
0.45000000000000034, 7.5, 120.00000002631447,14.700000722347502
0.45100000000000035, 7.5, 119.99999997368553,14.699999277652497
0.45200000000000035, 7.5, 120.00000002631447,14.700000722347502
0.45300000000000035, 7.5, 119.99999997368553,14.699999277652497
0.45400000000000035, 7.5, 120.00000002631447,14.700000722347502
0.45500000000000035, 7.5, 119.99999997368553,14.699999277652497
0.45600000000000035, 7.5, 120.00000002631447,14.700000722347502
0.45700000000000035, 7.5, 119.99999997368553,14.699999277652497
0.45800000000000035, 7.5, 120.00000002631447,14.700000722347502
0.45900000000000035, 7.5, 119.99999997368553,14.699999277652497
0.46000000000000035, 7.5, 120.00000002631447,14.700000722347502
0.46100000000000035, 7.5, 119.99999997368553,14.699999277652497
0.46200000000000035, 7.5, 120.00000002631447,14.700000722347502
0.46300000000000036, 7.5, 119.99999997368553,14.699999277652497
0.46400000000000036, 7.5, 120.00000002631447,14.700000722347502
0.46500000000000036, 7.5, 119.99999997368553,14.699999277652497
0.46600000000000036, 7.5, 120.00000002631447,14.700000722347502
0.46700000000000036, 7.5, 119.99999997368553,14.699999277652497
0.46800000000000036, 7.5, 120.00000002631447,14.700000722347502
0.46900000000000036, 7.5, 119.99999997368553,14.699999277652497
0.47000000000000036, 7.5, 120.00000002631447,14.700000722347502
0.47100000000000036, 7.5, 119.99999997368553,14.699999277652497
0.47200000000000036, 7.5, 120.00000002631447,14.700000722347502
0.47300000000000036, 7.5, 119.99999997368553,14.699999277652497
0.47400000000000037, 7.5, 120.00000002631447,14.700000722347502
0.47500000000000037, 7.5, 119.99999997368553,14.699999277652497
0.47600000000000037, 7.5, 120.00000002631447,14.700000722347502
0.47700000000000037, 7.5, 119.99999997368553,14.699999277652497
0.47800000000000037, 7.5, 120.00000002631447,14.700000722347502
0.47900000000000037, 7.5, 119.99999997368553,14.699999277652497
0.48000000000000037, 7.5, 120.00000002631447,14.700000722347502
0.48100000000000037, 7.5, 119.99999997368553,14.699999277652497
0.4820000000000004, 7.5, 120.00000002631447,14.700000722347502
0.4830000000000004, 7.5, 119.99999997368553,14.699999277652497
0.4840000000000004, 7.5, 120.00000002631447,14.700000722347502
0.4850000000000004, 7.5, 119.99999997368553,14.699999277652497
0.4860000000000004, 7.5, 120.00000002631447,14.700000722347502
0.4870000000000004, 7.5, 119.99999997368553,14.699999277652497
0.4880000000000004, 7.5, 120.00000002631447,14.700000722347502
0.4890000000000004, 7.5, 119.99999997368553,14.699999277652497
0.4900000000000004, 7.5, 120.00000002631447,14.700000722347502
0.4910000000000004, 7.5, 119.99999997368553,14.699999277652497
0.4920000000000004, 7.5, 120.00000002631447,14.700000722347502
0.4930000000000004, 7.5, 119.99999997368553,14.699999277652497
0.4940000000000004, 7.5, 120.00000002631447,14.700000722347502
0.4950000000000004, 7.5, 119.99999997368553,14.699999277652497
0.4960000000000004, 7.5, 120.00000002631447,14.700000722347502
0.4970000000000004, 7.5, 119.99999997368553,14.699999277652497
0.4980000000000004, 7.5, 120.00000002631447,14.700000722347502
0.4990000000000004, 7.5, 119.99999997368553,14.699999277652497
0.5000000000000003, 7.5, 120.00000002631447,14.700000722347502
0.5010000000000003, 7.5, 119.99999997368553,14.699999277652497
0.5020000000000003, 7.5, 120.00000002631447,14.700000722347502
0.5030000000000003, 7.5, 119.99999997368553,14.699999277652497
0.5040000000000003, 7.5, 120.00000002631447,14.700000722347502
0.5050000000000003, 7.5, 119.99999997368553,14.699999277652497
0.5060000000000003, 7.5, 120.00000002631447,14.700000722347502
0.5070000000000003, 7.5, 119.99999997368553,14.699999277652497
0.5080000000000003, 7.5, 120.00000002631447,14.700000722347502
0.5090000000000003, 7.5, 119.99999997368553,14.699999277652497
0.5100000000000003, 7.5, 120.00000002631447,14.700000722347502
0.5110000000000003, 7.5, 119.99999997368553,14.699999277652497
0.5120000000000003, 7.5, 120.00000002631447,14.700000722347502
0.5130000000000003, 7.5, 119.99999997368553,14.699999277652497
0.5140000000000003, 7.5, 120.00000002631447,14.700000722347502
0.5150000000000003, 7.5, 119.99999997368553,14.699999277652497
0.5160000000000003, 7.5, 120.00000002631447,14.700000722347502
0.5170000000000003, 7.5, 119.99999997368553,14.699999277652497
0.5180000000000003, 7.5, 120.00000002631447,14.700000722347502
0.5190000000000003, 7.5, 119.99999997368553,14.699999277652497
0.5200000000000004, 7.5, 120.00000002631447,14.700000722347502
0.5210000000000004, 7.5, 119.99999997368553,14.699999277652497
0.5220000000000004, 7.5, 120.00000002631447,14.700000722347502
0.5230000000000004, 7.5, 119.99999997368553,14.699999277652497
0.5240000000000004, 7.5, 120.00000002631447,14.700000722347502
0.5250000000000004, 7.5, 119.99999997368553,14.699999277652497
0.5260000000000004, 7.5, 120.00000002631447,14.700000722347502
0.5270000000000004, 7.5, 119.99999997368553,14.699999277652497
0.5280000000000004, 7.5, 120.00000002631447,14.700000722347502
0.5290000000000004, 7.5, 119.99999997368553,14.699999277652497
0.5300000000000004, 7.5, 120.00000002631447,14.700000722347502
0.5310000000000004, 7.5, 119.99999997368553,14.699999277652497
0.5320000000000004, 7.5, 120.00000002631447,14.700000722347502
0.5330000000000004, 7.5, 119.99999997368553,14.699999277652497
0.5340000000000004, 7.5, 120.00000002631447,14.700000722347502
0.5350000000000004, 7.5, 119.99999997368553,14.699999277652497
0.5360000000000004, 7.5, 120.00000002631447,14.700000722347502
0.5370000000000004, 7.5, 119.99999997368553,14.699999277652497
0.5380000000000004, 7.5, 120.00000002631447,14.700000722347502
0.5390000000000004, 7.5, 119.99999997368553,14.699999277652497
0.5400000000000004, 7.5, 120.00000002631447,14.700000722347502
0.5410000000000004, 7.5, 119.99999997368553,14.699999277652497
0.5420000000000004, 7.5, 120.00000002631447,14.700000722347502
0.5430000000000004, 7.5, 119.99999997368553,14.699999277652497
0.5440000000000004, 7.5, 120.00000002631447,14.700000722347502
0.5450000000000004, 7.5, 119.99999997368553,14.699999277652497
0.5460000000000004, 7.5, 120.00000002631447,14.700000722347502
0.5470000000000004, 7.5, 119.99999997368553,14.699999277652497
0.5480000000000004, 7.5, 120.00000002631447,14.700000722347502
0.5490000000000004, 7.5, 119.99999997368553,14.699999277652497
0.5500000000000004, 7.5, 120.00000002631447,14.700000722347502
0.5510000000000004, 7.5, 119.99999997368553,14.699999277652497
0.5520000000000004, 7.5, 120.00000002631447,14.700000722347502
0.5530000000000004, 7.5, 119.99999997368553,14.699999277652497
0.5540000000000004, 7.5, 120.00000002631447,14.700000722347502
0.5550000000000004, 7.5, 119.99999997368553,14.699999277652497
0.5560000000000004, 7.5, 120.00000002631447,14.700000722347502
0.5570000000000004, 7.5, 119.99999997368553,14.699999277652497
0.5580000000000004, 7.5, 120.00000002631447,14.700000722347502
0.5590000000000004, 7.5, 119.99999997368553,14.699999277652497
0.5600000000000004, 7.5, 120.00000002631447,14.700000722347502
0.5610000000000004, 7.5, 119.99999997368553,14.699999277652497
0.5620000000000004, 7.5, 120.00000002631447,14.700000722347502
0.5630000000000004, 7.5, 119.99999997368553,14.699999277652497
0.5640000000000004, 7.5, 120.00000002631447,14.700000722347502
0.5650000000000004, 7.5, 119.99999997368553,14.699999277652497
0.5660000000000004, 7.5, 120.00000002631447,14.700000722347502
0.5670000000000004, 7.5, 119.99999997368553,14.699999277652497
0.5680000000000004, 7.5, 120.00000002631447,14.700000722347502
0.5690000000000004, 7.5, 119.99999997368553,14.699999277652497
0.5700000000000004, 7.5, 120.00000002631447,14.700000722347502
0.5710000000000004, 7.5, 119.99999997368553,14.699999277652497
0.5720000000000004, 7.5, 120.00000002631447,14.700000722347502
0.5730000000000004, 7.5, 119.99999997368553,14.699999277652497
0.5740000000000004, 7.5, 120.00000002631447,14.700000722347502
0.5750000000000004, 7.5, 119.99999997368553,14.699999277652497
0.5760000000000004, 7.5, 120.00000002631447,14.700000722347502
0.5770000000000004, 7.5, 119.99999997368553,14.699999277652497
0.5780000000000004, 7.5, 120.00000002631447,14.700000722347502
0.5790000000000004, 7.5, 119.99999997368553,14.699999277652497
0.5800000000000004, 7.5, 120.00000002631447,14.700000722347502
0.5810000000000004, 7.5, 119.99999997368553,14.699999277652497
0.5820000000000004, 7.5, 120.00000002631447,14.700000722347502
0.5830000000000004, 7.5, 119.99999997368553,14.699999277652497
0.5840000000000004, 7.5, 120.00000002631447,14.700000722347502
0.5850000000000004, 7.5, 119.99999997368553,14.699999277652497
0.5860000000000004, 7.5, 120.00000002631447,14.700000722347502
0.5870000000000004, 7.5, 119.99999997368553,14.699999277652497
0.5880000000000004, 7.5, 120.00000002631447,14.700000722347502
0.5890000000000004, 7.5, 119.99999997368553,14.699999277652497
0.5900000000000004, 7.5, 120.00000002631447,14.700000722347502
0.5910000000000004, 7.5, 119.99999997368553,14.699999277652497
0.5920000000000004, 7.5, 120.00000002631447,14.700000722347502
0.5930000000000004, 7.5, 119.99999997368553,14.699999277652497
0.5940000000000004, 7.5, 120.00000002631447,14.700000722347502
0.5950000000000004, 7.5, 119.99999997368553,14.699999277652497
0.5960000000000004, 7.5, 120.00000002631447,14.700000722347502
0.5970000000000004, 7.5, 119.99999997368553,14.699999277652497
0.5980000000000004, 7.5, 120.00000002631447,14.700000722347502
0.5990000000000004, 7.5, 119.99999997368553,14.699999277652497
0.6000000000000004, 7.5, 120.00000002631447,14.700000722347502
0.6010000000000004, 7.5, 119.99999997368553,14.699999277652497
0.6020000000000004, 7.5, 120.00000002631447,14.700000722347502
0.6030000000000004, 7.5, 119.99999997368553,14.699999277652497
0.6040000000000004, 7.5, 120.00000002631447,14.700000722347502
0.6050000000000004, 7.5, 119.99999997368553,14.699999277652497
0.6060000000000004, 7.5, 120.00000002631447,14.700000722347502
0.6070000000000004, 7.5, 119.99999997368553,14.699999277652497
0.6080000000000004, 7.5, 120.00000002631447,14.700000722347502
0.6090000000000004, 7.5, 119.99999997368553,14.699999277652497
0.6100000000000004, 7.5, 120.00000002631447,14.700000722347502
0.6110000000000004, 7.5, 119.99999997368553,14.699999277652497
0.6120000000000004, 7.5, 120.00000002631447,14.700000722347502
0.6130000000000004, 7.5, 119.99999997368553,14.699999277652497
0.6140000000000004, 7.5, 120.00000002631447,14.700000722347502
0.6150000000000004, 7.5, 119.99999997368553,14.699999277652497
0.6160000000000004, 7.5, 120.00000002631447,14.700000722347502
0.6170000000000004, 7.5, 119.99999997368553,14.699999277652497
0.6180000000000004, 7.5, 120.00000002631447,14.700000722347502
0.6190000000000004, 7.5, 119.99999997368553,14.699999277652497
0.6200000000000004, 7.5, 120.00000002631447,14.700000722347502
0.6210000000000004, 7.5, 119.99999997368553,14.699999277652497
0.6220000000000004, 7.5, 120.00000002631447,14.700000722347502
0.6230000000000004, 7.5, 119.99999997368553,14.699999277652497
0.6240000000000004, 7.5, 120.00000002631447,14.700000722347502
0.6250000000000004, 7.5, 119.99999997368553,14.699999277652497
0.6260000000000004, 7.5, 120.00000002631447,14.700000722347502
0.6270000000000004, 7.5, 119.99999997368553,14.699999277652497
0.6280000000000004, 7.5, 120.00000002631447,14.700000722347502
0.6290000000000004, 7.5, 119.99999997368553,14.699999277652497
0.6300000000000004, 7.5, 120.00000002631447,14.700000722347502
0.6310000000000004, 7.5, 119.99999997368553,14.699999277652497
0.6320000000000005, 7.5, 120.00000002631447,14.700000722347502
0.6330000000000005, 7.5, 119.99999997368553,14.699999277652497
0.6340000000000005, 7.5, 120.00000002631447,14.700000722347502
0.6350000000000005, 7.5, 119.99999997368553,14.699999277652497
0.6360000000000005, 7.5, 120.00000002631447,14.700000722347502
0.6370000000000005, 7.5, 119.99999997368553,14.699999277652497
0.6380000000000005, 7.5, 120.00000002631447,14.700000722347502
0.6390000000000005, 7.5, 119.99999997368553,14.699999277652497
0.6400000000000005, 7.5, 120.00000002631447,14.700000722347502
0.6410000000000005, 7.5, 119.99999997368553,14.699999277652497
0.6420000000000005, 7.5, 120.00000002631447,14.700000722347502
0.6430000000000005, 7.5, 119.99999997368553,14.699999277652497
0.6440000000000005, 7.5, 120.00000002631447,14.700000722347502
0.6450000000000005, 7.5, 119.99999997368553,14.699999277652497
0.6460000000000005, 7.5, 120.00000002631447,14.700000722347502
0.6470000000000005, 7.5, 119.99999997368553,14.699999277652497
0.6480000000000005, 7.5, 120.00000002631447,14.700000722347502
0.6490000000000005, 7.5, 119.99999997368553,14.699999277652497
0.6500000000000005, 7.5, 120.00000002631447,14.700000722347502
0.6510000000000005, 7.5, 119.99999997368553,14.699999277652497
0.6520000000000005, 7.5, 120.00000002631447,14.700000722347502
0.6530000000000005, 7.5, 119.99999997368553,14.699999277652497
0.6540000000000005, 7.5, 120.00000002631447,14.700000722347502
0.6550000000000005, 7.5, 119.99999997368553,14.699999277652497
0.6560000000000005, 7.5, 120.00000002631447,14.700000722347502
0.6570000000000005, 7.5, 119.99999997368553,14.699999277652497
0.6580000000000005, 7.5, 120.00000002631447,14.700000722347502
0.6590000000000005, 7.5, 119.99999997368553,14.699999277652497
0.6600000000000005, 7.5, 120.00000002631447,14.700000722347502
0.6610000000000005, 7.5, 119.99999997368553,14.699999277652497
0.6620000000000005, 7.5, 120.00000002631447,14.700000722347502
0.6630000000000005, 7.5, 119.99999997368553,14.699999277652497
0.6640000000000005, 7.5, 120.00000002631447,14.700000722347502
0.6650000000000005, 7.5, 119.99999997368553,14.699999277652497
0.6660000000000005, 7.5, 120.00000002631447,14.700000722347502
0.6670000000000005, 7.5, 119.99999997368553,14.699999277652497
0.6680000000000005, 7.5, 120.00000002631447,14.700000722347502
0.6690000000000005, 7.5, 119.99999997368553,14.699999277652497
0.6700000000000005, 7.5, 120.00000002631447,14.700000722347502
0.6710000000000005, 7.5, 119.99999997368553,14.699999277652497
0.6720000000000005, 7.5, 120.00000002631447,14.700000722347502
0.6730000000000005, 7.5, 119.99999997368553,14.699999277652497
0.6740000000000005, 7.5, 120.00000002631447,14.700000722347502
0.6750000000000005, 7.5, 119.99999997368553,14.699999277652497
0.6760000000000005, 7.5, 120.00000002631447,14.700000722347502
0.6770000000000005, 7.5, 119.99999997368553,14.699999277652497
0.6780000000000005, 7.5, 120.00000002631447,14.700000722347502
0.6790000000000005, 7.5, 119.99999997368553,14.699999277652497
0.6800000000000005, 7.5, 120.00000002631447,14.700000722347502
0.6810000000000005, 7.5, 119.99999997368553,14.699999277652497
0.6820000000000005, 7.5, 120.00000002631447,14.700000722347502
0.6830000000000005, 7.5, 119.99999997368553,14.699999277652497
0.6840000000000005, 7.5, 120.00000002631447,14.700000722347502
0.6850000000000005, 7.5, 119.99999997368553,14.699999277652497
0.6860000000000005, 7.5, 120.00000002631447,14.700000722347502
0.6870000000000005, 7.5, 119.99999997368553,14.699999277652497
0.6880000000000005, 7.5, 120.00000002631447,14.700000722347502
0.6890000000000005, 7.5, 119.99999997368553,14.699999277652497
0.6900000000000005, 7.5, 120.00000002631447,14.700000722347502
0.6910000000000005, 7.5, 119.99999997368553,14.699999277652497
0.6920000000000005, 7.5, 120.00000002631447,14.700000722347502
0.6930000000000005, 7.5, 119.99999997368553,14.699999277652497
0.6940000000000005, 7.5, 120.00000002631447,14.700000722347502
0.6950000000000005, 7.5, 119.99999997368553,14.699999277652497
0.6960000000000005, 7.5, 120.00000002631447,14.700000722347502
0.6970000000000005, 7.5, 119.99999997368553,14.699999277652497
0.6980000000000005, 7.5, 120.00000002631447,14.700000722347502
0.6990000000000005, 7.5, 119.99999997368553,14.699999277652497
0.7000000000000005, 7.5, 120.00000002631447,14.700000722347502
0.7010000000000005, 7.5, 119.99999997368553,14.699999277652497
0.7020000000000005, 7.5, 120.00000002631447,14.700000722347502
0.7030000000000005, 7.5, 119.99999997368553,14.699999277652497
0.7040000000000005, 7.5, 120.00000002631447,14.700000722347502
0.7050000000000005, 7.5, 119.99999997368553,14.699999277652497
0.7060000000000005, 7.5, 120.00000002631447,14.700000722347502
0.7070000000000005, 7.5, 119.99999997368553,14.699999277652497
0.7080000000000005, 7.5, 120.00000002631447,14.700000722347502
0.7090000000000005, 7.5, 119.99999997368553,14.699999277652497
0.7100000000000005, 7.5, 120.00000002631447,14.700000722347502
0.7110000000000005, 7.5, 119.99999997368553,14.699999277652497
0.7120000000000005, 7.5, 120.00000002631447,14.700000722347502
0.7130000000000005, 7.5, 119.99999997368553,14.699999277652497
0.7140000000000005, 7.5, 120.00000002631447,14.700000722347502
0.7150000000000005, 7.5, 119.99999997368553,14.699999277652497
0.7160000000000005, 7.5, 120.00000002631447,14.700000722347502
0.7170000000000005, 7.5, 119.99999997368553,14.699999277652497
0.7180000000000005, 7.5, 120.00000002631447,14.700000722347502
0.7190000000000005, 7.5, 119.99999997368553,14.699999277652497
0.7200000000000005, 7.5, 120.00000002631447,14.700000722347502
0.7210000000000005, 7.5, 119.99999997368553,14.699999277652497
0.7220000000000005, 7.5, 120.00000002631447,14.700000722347502
0.7230000000000005, 7.5, 119.99999997368553,14.699999277652497
0.7240000000000005, 7.5, 120.00000002631447,14.700000722347502
0.7250000000000005, 7.5, 119.99999997368553,14.699999277652497
0.7260000000000005, 7.5, 120.00000002631447,14.700000722347502
0.7270000000000005, 7.5, 119.99999997368553,14.699999277652497
0.7280000000000005, 7.5, 120.00000002631447,14.700000722347502
0.7290000000000005, 7.5, 119.99999997368553,14.699999277652497
0.7300000000000005, 7.5, 120.00000002631447,14.700000722347502
0.7310000000000005, 7.5, 119.99999997368553,14.699999277652497
0.7320000000000005, 7.5, 120.00000002631447,14.700000722347502
0.7330000000000005, 7.5, 119.99999997368553,14.699999277652497
0.7340000000000005, 7.5, 120.00000002631447,14.700000722347502
0.7350000000000005, 7.5, 119.99999997368553,14.699999277652497
0.7360000000000005, 7.5, 120.00000002631447,14.700000722347502
0.7370000000000005, 7.5, 119.99999997368553,14.699999277652497
0.7380000000000005, 7.5, 120.00000002631447,14.700000722347502
0.7390000000000005, 7.5, 119.99999997368553,14.699999277652497
0.7400000000000005, 7.5, 120.00000002631447,14.700000722347502
0.7410000000000005, 7.5, 119.99999997368553,14.699999277652497
0.7420000000000005, 7.5, 120.00000002631447,14.700000722347502
0.7430000000000005, 7.5, 119.99999997368553,14.699999277652497
0.7440000000000005, 7.5, 120.00000002631447,14.700000722347502
0.7450000000000006, 7.5, 119.99999997368553,14.699999277652497
0.7460000000000006, 7.5, 120.00000002631447,14.700000722347502
0.7470000000000006, 7.5, 119.99999997368553,14.699999277652497
0.7480000000000006, 7.5, 120.00000002631447,14.700000722347502
0.7490000000000006, 7.5, 119.99999997368553,14.699999277652497
0.7500000000000006, 7.5, 120.00000002631447,14.700000722347502
0.7510000000000006, 7.5, 119.99999997368553,14.699999277652497
0.7520000000000006, 7.5, 120.00000002631447,14.700000722347502
0.7530000000000006, 7.5, 119.99999997368553,14.699999277652497
0.7540000000000006, 7.5, 120.00000002631447,14.700000722347502
0.7550000000000006, 7.5, 119.99999997368553,14.699999277652497
0.7560000000000006, 7.5, 120.00000002631447,14.700000722347502
0.7570000000000006, 7.5, 119.99999997368553,14.699999277652497
0.7580000000000006, 7.5, 120.00000002631447,14.700000722347502
0.7590000000000006, 7.5, 119.99999997368553,14.699999277652497
0.7600000000000006, 7.5, 120.00000002631447,14.700000722347502
0.7610000000000006, 7.5, 119.99999997368553,14.699999277652497
0.7620000000000006, 7.5, 120.00000002631447,14.700000722347502
0.7630000000000006, 7.5, 119.99999997368553,14.699999277652497
0.7640000000000006, 7.5, 120.00000002631447,14.700000722347502
0.7650000000000006, 7.5, 119.99999997368553,14.699999277652497
0.7660000000000006, 7.5, 120.00000002631447,14.700000722347502
0.7670000000000006, 7.5, 119.99999997368553,14.699999277652497
0.7680000000000006, 7.5, 120.00000002631447,14.700000722347502
0.7690000000000006, 7.5, 119.99999997368553,14.699999277652497
0.7700000000000006, 7.5, 120.00000002631447,14.700000722347502
0.7710000000000006, 7.5, 119.99999997368553,14.699999277652497
0.7720000000000006, 7.5, 120.00000002631447,14.700000722347502
0.7730000000000006, 7.5, 119.99999997368553,14.699999277652497
0.7740000000000006, 7.5, 120.00000002631447,14.700000722347502
0.7750000000000006, 7.5, 119.99999997368553,14.699999277652497
0.7760000000000006, 7.5, 120.00000002631447,14.700000722347502
0.7770000000000006, 7.5, 119.99999997368553,14.699999277652497
0.7780000000000006, 7.5, 120.00000002631447,14.700000722347502
0.7790000000000006, 7.5, 119.99999997368553,14.699999277652497
0.7800000000000006, 7.5, 120.00000002631447,14.700000722347502
0.7810000000000006, 7.5, 119.99999997368553,14.699999277652497
0.7820000000000006, 7.5, 120.00000002631447,14.700000722347502
0.7830000000000006, 7.5, 119.99999997368553,14.699999277652497
0.7840000000000006, 7.5, 120.00000002631447,14.700000722347502
0.7850000000000006, 7.5, 119.99999997368553,14.699999277652497
0.7860000000000006, 7.5, 120.00000002631447,14.700000722347502
0.7870000000000006, 7.5, 119.99999997368553,14.699999277652497
0.7880000000000006, 7.5, 120.00000002631447,14.700000722347502
0.7890000000000006, 7.5, 119.99999997368553,14.699999277652497
0.7900000000000006, 7.5, 120.00000002631447,14.700000722347502
0.7910000000000006, 7.5, 119.99999997368553,14.699999277652497
0.7920000000000006, 7.5, 120.00000002631447,14.700000722347502
0.7930000000000006, 7.5, 119.99999997368553,14.699999277652497
0.7940000000000006, 7.5, 120.00000002631447,14.700000722347502
0.7950000000000006, 7.5, 119.99999997368553,14.699999277652497
0.7960000000000006, 7.5, 120.00000002631447,14.700000722347502
0.7970000000000006, 7.5, 119.99999997368553,14.699999277652497
0.7980000000000006, 7.5, 120.00000002631447,14.700000722347502
0.7990000000000006, 7.5, 119.99999997368553,14.699999277652497
0.8000000000000006, 7.5, 120.00000002631447,14.700000722347502
0.8010000000000006, 7.5, 119.99999997368553,14.699999277652497
0.8020000000000006, 7.5, 120.00000002631447,14.700000722347502
0.8030000000000006, 7.5, 119.99999997368553,14.699999277652497
0.8040000000000006, 7.5, 120.00000002631447,14.700000722347502
0.8050000000000006, 7.5, 119.99999997368553,14.699999277652497
0.8060000000000006, 7.5, 120.00000002631447,14.700000722347502
0.8070000000000006, 7.5, 119.99999997368553,14.699999277652497
0.8080000000000006, 7.5, 120.00000002631447,14.700000722347502
0.8090000000000006, 7.5, 119.99999997368553,14.699999277652497
0.8100000000000006, 7.5, 120.00000002631447,14.700000722347502
0.8110000000000006, 7.5, 119.99999997368553,14.699999277652497
0.8120000000000006, 7.5, 120.00000002631447,14.700000722347502
0.8130000000000006, 7.5, 119.99999997368553,14.699999277652497
0.8140000000000006, 7.5, 120.00000002631447,14.700000722347502
0.8150000000000006, 7.5, 119.99999997368553,14.699999277652497
0.8160000000000006, 7.5, 120.00000002631447,14.700000722347502
0.8170000000000006, 7.5, 119.99999997368553,14.699999277652497
0.8180000000000006, 7.5, 120.00000002631447,14.700000722347502
0.8190000000000006, 7.5, 119.99999997368553,14.699999277652497
0.8200000000000006, 7.5, 120.00000002631447,14.700000722347502
0.8210000000000006, 7.5, 119.99999997368553,14.699999277652497
0.8220000000000006, 7.5, 120.00000002631447,14.700000722347502
0.8230000000000006, 7.5, 119.99999997368553,14.699999277652497
0.8240000000000006, 7.5, 120.00000002631447,14.700000722347502
0.8250000000000006, 7.5, 119.99999997368553,14.699999277652497
0.8260000000000006, 7.5, 120.00000002631447,14.700000722347502
0.8270000000000006, 7.5, 119.99999997368553,14.699999277652497
0.8280000000000006, 7.5, 120.00000002631447,14.700000722347502
0.8290000000000006, 7.5, 119.99999997368553,14.699999277652497
0.8300000000000006, 7.5, 120.00000002631447,14.700000722347502
0.8310000000000006, 7.5, 119.99999997368553,14.699999277652497
0.8320000000000006, 7.5, 120.00000002631447,14.700000722347502
0.8330000000000006, 7.5, 119.99999997368553,14.699999277652497
0.8340000000000006, 7.5, 120.00000002631447,14.700000722347502
0.8350000000000006, 7.5, 119.99999997368553,14.699999277652497
0.8360000000000006, 7.5, 120.00000002631447,14.700000722347502
0.8370000000000006, 7.5, 119.99999997368553,14.699999277652497
0.8380000000000006, 7.5, 120.00000002631447,14.700000722347502
0.8390000000000006, 7.5, 119.99999997368553,14.699999277652497
0.8400000000000006, 7.5, 120.00000002631447,14.700000722347502
0.8410000000000006, 7.5, 119.99999997368553,14.699999277652497
0.8420000000000006, 7.5, 120.00000002631447,14.700000722347502
0.8430000000000006, 7.5, 119.99999997368553,14.699999277652497
0.8440000000000006, 7.5, 120.00000002631447,14.700000722347502
0.8450000000000006, 7.5, 119.99999997368553,14.699999277652497
0.8460000000000006, 7.5, 120.00000002631447,14.700000722347502
0.8470000000000006, 7.5, 119.99999997368553,14.699999277652497
0.8480000000000006, 7.5, 120.00000002631447,14.700000722347502
0.8490000000000006, 7.5, 119.99999997368553,14.699999277652497
0.8500000000000006, 7.5, 120.00000002631447,14.700000722347502
0.8510000000000006, 7.5, 119.99999997368553,14.699999277652497
0.8520000000000006, 7.5, 120.00000002631447,14.700000722347502
0.8530000000000006, 7.5, 119.99999997368553,14.699999277652497
0.8540000000000006, 7.5, 120.00000002631447,14.700000722347502
0.8550000000000006, 7.5, 119.99999997368553,14.699999277652497
0.8560000000000006, 7.5, 120.00000002631447,14.700000722347502
0.8570000000000007, 7.5, 119.99999997368553,14.699999277652497
0.8580000000000007, 7.5, 120.00000002631447,14.700000722347502
0.8590000000000007, 7.5, 119.99999997368553,14.699999277652497
0.8600000000000007, 7.5, 120.00000002631447,14.700000722347502
0.8610000000000007, 7.5, 119.99999997368553,14.699999277652497
0.8620000000000007, 7.5, 120.00000002631447,14.700000722347502
0.8630000000000007, 7.5, 119.99999997368553,14.699999277652497
0.8640000000000007, 7.5, 120.00000002631447,14.700000722347502
0.8650000000000007, 7.5, 119.99999997368553,14.699999277652497
0.8660000000000007, 7.5, 120.00000002631447,14.700000722347502
0.8670000000000007, 7.5, 119.99999997368553,14.699999277652497
0.8680000000000007, 7.5, 120.00000002631447,14.700000722347502
0.8690000000000007, 7.5, 119.99999997368553,14.699999277652497
0.8700000000000007, 7.5, 120.00000002631447,14.700000722347502
0.8710000000000007, 7.5, 119.99999997368553,14.699999277652497
0.8720000000000007, 7.5, 120.00000002631447,14.700000722347502
0.8730000000000007, 7.5, 119.99999997368553,14.699999277652497
0.8740000000000007, 7.5, 120.00000002631447,14.700000722347502
0.8750000000000007, 7.5, 119.99999997368553,14.699999277652497
0.8760000000000007, 7.5, 120.00000002631447,14.700000722347502
0.8770000000000007, 7.5, 119.99999997368553,14.699999277652497
0.8780000000000007, 7.5, 120.00000002631447,14.700000722347502
0.8790000000000007, 7.5, 119.99999997368553,14.699999277652497
0.8800000000000007, 7.5, 120.00000002631447,14.700000722347502
0.8810000000000007, 7.5, 119.99999997368553,14.699999277652497
0.8820000000000007, 7.5, 120.00000002631447,14.700000722347502
0.8830000000000007, 7.5, 119.99999997368553,14.699999277652497
0.8840000000000007, 7.5, 120.00000002631447,14.700000722347502
0.8850000000000007, 7.5, 119.99999997368553,14.699999277652497
0.8860000000000007, 7.5, 120.00000002631447,14.700000722347502
0.8870000000000007, 7.5, 119.99999997368553,14.699999277652497
0.8880000000000007, 7.5, 120.00000002631447,14.700000722347502
0.8890000000000007, 7.5, 119.99999997368553,14.699999277652497
0.8900000000000007, 7.5, 120.00000002631447,14.700000722347502
0.8910000000000007, 7.5, 119.99999997368553,14.699999277652497
0.8920000000000007, 7.5, 120.00000002631447,14.700000722347502
0.8930000000000007, 7.5, 119.99999997368553,14.699999277652497
0.8940000000000007, 7.5, 120.00000002631447,14.700000722347502
0.8950000000000007, 7.5, 119.99999997368553,14.699999277652497
0.8960000000000007, 7.5, 120.00000002631447,14.700000722347502
0.8970000000000007, 7.5, 119.99999997368553,14.699999277652497
0.8980000000000007, 7.5, 120.00000002631447,14.700000722347502
0.8990000000000007, 7.5, 119.99999997368553,14.699999277652497
0.9000000000000007, 7.5, 120.00000002631447,14.700000722347502
0.9010000000000007, 7.5, 119.99999997368553,14.699999277652497
0.9020000000000007, 7.5, 120.00000002631447,14.700000722347502
0.9030000000000007, 7.5, 119.99999997368553,14.699999277652497
0.9040000000000007, 7.5, 120.00000002631447,14.700000722347502
0.9050000000000007, 7.5, 119.99999997368553,14.699999277652497
0.9060000000000007, 7.5, 120.00000002631447,14.700000722347502
0.9070000000000007, 7.5, 119.99999997368553,14.699999277652497
0.9080000000000007, 7.5, 120.00000002631447,14.700000722347502
0.9090000000000007, 7.5, 119.99999997368553,14.699999277652497
0.9100000000000007, 7.5, 120.00000002631447,14.700000722347502
0.9110000000000007, 7.5, 119.99999997368553,14.699999277652497
0.9120000000000007, 7.5, 120.00000002631447,14.700000722347502
0.9130000000000007, 7.5, 119.99999997368553,14.699999277652497
0.9140000000000007, 7.5, 120.00000002631447,14.700000722347502
0.9150000000000007, 7.5, 119.99999997368553,14.699999277652497
0.9160000000000007, 7.5, 120.00000002631447,14.700000722347502
0.9170000000000007, 7.5, 119.99999997368553,14.699999277652497
0.9180000000000007, 7.5, 120.00000002631447,14.700000722347502
0.9190000000000007, 7.5, 119.99999997368553,14.699999277652497
0.9200000000000007, 7.5, 120.00000002631447,14.700000722347502
0.9210000000000007, 7.5, 119.99999997368553,14.699999277652497
0.9220000000000007, 7.5, 120.00000002631447,14.700000722347502
0.9230000000000007, 7.5, 119.99999997368553,14.699999277652497
0.9240000000000007, 7.5, 120.00000002631447,14.700000722347502
0.9250000000000007, 7.5, 119.99999997368553,14.699999277652497
0.9260000000000007, 7.5, 120.00000002631447,14.700000722347502
0.9270000000000007, 7.5, 119.99999997368553,14.699999277652497
0.9280000000000007, 7.5, 120.00000002631447,14.700000722347502
0.9290000000000007, 7.5, 119.99999997368553,14.699999277652497
0.9300000000000007, 7.5, 120.00000002631447,14.700000722347502
0.9310000000000007, 7.5, 119.99999997368553,14.699999277652497
0.9320000000000007, 7.5, 120.00000002631447,14.700000722347502
0.9330000000000007, 7.5, 119.99999997368553,14.699999277652497
0.9340000000000007, 7.5, 120.00000002631447,14.700000722347502
0.9350000000000007, 7.5, 119.99999997368553,14.699999277652497
0.9360000000000007, 7.5, 120.00000002631447,14.700000722347502
0.9370000000000007, 7.5, 119.99999997368553,14.699999277652497
0.9380000000000007, 7.5, 120.00000002631447,14.700000722347502
0.9390000000000007, 7.5, 119.99999997368553,14.699999277652497
0.9400000000000007, 7.5, 120.00000002631447,14.700000722347502
0.9410000000000007, 7.5, 119.99999997368553,14.699999277652497
0.9420000000000007, 7.5, 120.00000002631447,14.700000722347502
0.9430000000000007, 7.5, 119.99999997368553,14.699999277652497
0.9440000000000007, 7.5, 120.00000002631447,14.700000722347502
0.9450000000000007, 7.5, 119.99999997368553,14.699999277652497
0.9460000000000007, 7.5, 120.00000002631447,14.700000722347502
0.9470000000000007, 7.5, 119.99999997368553,14.699999277652497
0.9480000000000007, 7.5, 120.00000002631447,14.700000722347502
0.9490000000000007, 7.5, 119.99999997368553,14.699999277652497
0.9500000000000007, 7.5, 120.00000002631447,14.700000722347502
0.9510000000000007, 7.5, 119.99999997368553,14.699999277652497
0.9520000000000007, 7.5, 120.00000002631447,14.700000722347502
0.9530000000000007, 7.5, 119.99999997368553,14.699999277652497
0.9540000000000007, 7.5, 120.00000002631447,14.700000722347502
0.9550000000000007, 7.5, 119.99999997368553,14.699999277652497
0.9560000000000007, 7.5, 120.00000002631447,14.700000722347502
0.9570000000000007, 7.5, 119.99999997368553,14.699999277652497
0.9580000000000007, 7.5, 120.00000002631447,14.700000722347502
0.9590000000000007, 7.5, 119.99999997368553,14.699999277652497
0.9600000000000007, 7.5, 120.00000002631447,14.700000722347502
0.9610000000000007, 7.5, 119.99999997368553,14.699999277652497
0.9620000000000007, 7.5, 120.00000002631447,14.700000722347502
0.9630000000000007, 7.5, 119.99999997368553,14.699999277652497
0.9640000000000007, 7.5, 120.00000002631447,14.700000722347502
0.9650000000000007, 7.5, 119.99999997368553,14.699999277652497
0.9660000000000007, 7.5, 120.00000002631447,14.700000722347502
0.9670000000000007, 7.5, 119.99999997368553,14.699999277652497
0.9680000000000007, 7.5, 120.00000002631447,14.700000722347502
0.9690000000000007, 7.5, 119.99999997368553,14.699999277652497
0.9700000000000008, 7.5, 120.00000002631447,14.700000722347502
0.9710000000000008, 7.5, 119.99999997368553,14.699999277652497
0.9720000000000008, 7.5, 120.00000002631447,14.700000722347502
0.9730000000000008, 7.5, 119.99999997368553,14.699999277652497
0.9740000000000008, 7.5, 120.00000002631447,14.700000722347502
0.9750000000000008, 7.5, 119.99999997368553,14.699999277652497
0.9760000000000008, 7.5, 120.00000002631447,14.700000722347502
0.9770000000000008, 7.5, 119.99999997368553,14.699999277652497
0.9780000000000008, 7.5, 120.00000002631447,14.700000722347502
0.9790000000000008, 7.5, 119.99999997368553,14.699999277652497
0.9800000000000008, 7.5, 120.00000002631447,14.700000722347502
0.9810000000000008, 7.5, 119.99999997368553,14.699999277652497
0.9820000000000008, 7.5, 120.00000002631447,14.700000722347502
0.9830000000000008, 7.5, 119.99999997368553,14.699999277652497
0.9840000000000008, 7.5, 120.00000002631447,14.700000722347502
0.9850000000000008, 7.5, 119.99999997368553,14.699999277652497
0.9860000000000008, 7.5, 120.00000002631447,14.700000722347502
0.9870000000000008, 7.5, 119.99999997368553,14.699999277652497
0.9880000000000008, 7.5, 120.00000002631447,14.700000722347502
0.9890000000000008, 7.5, 119.99999997368553,14.699999277652497
0.9900000000000008, 7.5, 120.00000002631447,14.700000722347502
0.9910000000000008, 7.5, 119.99999997368553,14.699999277652497
0.9920000000000008, 7.5, 120.00000002631447,14.700000722347502
0.9930000000000008, 7.5, 119.99999997368553,14.699999277652497
0.9940000000000008, 7.5, 120.00000002631447,14.700000722347502
0.9950000000000008, 7.5, 119.99999997368553,14.699999277652497
0.9960000000000008, 7.5, 120.00000002631447,14.700000722347502
0.9970000000000008, 7.5, 119.99999997368553,14.699999277652497
0.9980000000000008, 7.5, 120.00000002631447,14.700000722347502
0.9990000000000008, 7.5, 119.99999997368553,14.699999277652497
