dt = 0.01; Cv = 0.1
0.0, 0.5, 14.7,14.7
0.01, 0.9098088304390974, 53.63630585140232,15.549651252467962
0.02, 1.6639889088656703, 46.511846891617104,17.383214134447428
0.03, 2.656339504964749, 40.82119053376209,20.559605955151767
0.04, 3.813547208378191, 37.076491991924684,26.11879443432767
0.05, 5.074698464526798, 34.602740775968066,37.076046519441185
0.060000000000000005, 6.367319624397317, 33.078602908529575,65.49724775564493
0.07, 7.5, 32.819639562114645,207.98547134158952
0.08, 6.785532069201517, 41.52329153622854,78.53143036703447
0.09, 5.942215520730552, 52.923099872994435,44.62918977356714
0.09999999999999999, 5.176606523058047, 66.32215635687167,31.84593690200398
0.10999999999999999, 4.6114011216306405, 79.67985747013746,26.171420577303323
0.11999999999999998, 4.3356225822534835, 89.16652855043081,23.958961927206026
0.12999999999999998, 4.403079658909866, 91.30714490860646,24.200067789766862
0.13999999999999999, 4.821947088905223, 86.39766707676654,27.149048360294305
0.15, 5.555233534603144, 77.971609338295,34.903485667609885
0.16, 6.526988327163255, 69.39755024781356,56.97738823960464
0.17, 7.5, 63.46026599265981,162.7778681695107
0.18000000000000002, 7.126459185051675, 70.31435395830823,85.20722976785106
0.19000000000000003, 6.732818680745856, 77.7908678311128,55.71490554658008
0.20000000000000004, 6.482189454810728, 83.8646829066389,44.8821582876394
0.21000000000000005, 6.451024046415744, 86.98895720237061,42.72881573906238
0.22000000000000006, 6.663472895187023, 86.66335034741329,48.155472837647444
0.23000000000000007, 7.093930961972482, 83.72214892327345,68.71136397377377
0.24000000000000007, 7.5, 81.53544576472866,118.33015400004508
0.25000000000000006, 7.403901861279354, 85.08492017766628,90.49445991706287
0.26000000000000006, 7.34243042061689, 88.12118284309673,75.8598690981607
0.2700000000000001, 7.391133059971556, 89.6862977831662,76.31552086339339
0.2800000000000001, 7.5, 90.41519529644441,86.05679903979824
0.2900000000000001, 7.5, 92.40659009154992,78.32044615054124
0.3000000000000001, 7.5, 94.28948311814904,71.26595005707374
0.3100000000000001, 7.5, 96.0683654304883,64.8475241655097
0.3200000000000001, 7.5, 97.7476020909421,59.02146571758375
0.3300000000000001, 7.5, 99.33143400064698,53.74610707881532
0.34000000000000014, 7.5, 100.82397972831072,48.98176708755623
0.35000000000000014, 7.5, 102.22923733718216,44.69070246515686
0.36000000000000015, 7.5, 103.5510862101674,40.83705928744741
0.37000000000000016, 7.5, 104.79328887307818,37.3868245176864
0.38000000000000017, 7.5, 105.95949281599778,34.30777760107635
0.3900000000000002, 7.5, 107.05323231274959,31.569442120886247
0.4000000000000002, 7.5, 108.07793023845409,29.14303751614941
0.4100000000000002, 7.5, 109.03689988515885,27.00143086082332
0.4200000000000002, 7.5, 109.93334677552683,25.11908870420154
0.4300000000000002, 7.5, 110.7703704745678,23.472028972256037
0.4400000000000002, 7.5, 111.55096639939788,22.037772929456743
0.45000000000000023, 7.5, 112.27802762701182,20.795297200461913
0.46000000000000024, 7.5, 112.95434670005305,19.724985850892455
0.47000000000000025, 7.5, 113.58261743056583,18.808582526191767
0.48000000000000026, 7.5, 114.16543670171482,18.029142647322754
0.49000000000000027, 7.5, 114.70530626745631,17.37098566175857
0.5000000000000002, 7.5, 115.20463455014622,16.81964734787342
0.5100000000000002, 7.5, 115.66573843607001,16.361832170422968
0.5200000000000002, 7.5, 116.09084506887918,15.985365684305961
0.5300000000000002, 7.5, 116.48209364091989,15.679146983201116
0.5400000000000003, 7.5, 116.8415371824392,15.433101188953383
0.5500000000000003, 7.5, 117.17114434865476,15.238131976711987
0.5600000000000003, 7.5, 117.47280120467408,15.086074129762606
0.5700000000000003, 7.5, 117.74831300825,14.969646116700995
0.5800000000000003, 7.5, 117.99940599035959,14.882402682007896
0.5900000000000003, 7.5, 118.22772913359434,14.818687439135962
0.6000000000000003, 7.5, 118.43485594835009,14.773585452835627
0.6100000000000003, 7.5, 118.6222862468064,14.742875794582774
0.6200000000000003, 7.5, 118.79144791468543,14.722984051738004
0.6300000000000003, 7.5, 118.94369868078286,14.710934768285728
0.6400000000000003, 7.5, 119.08032788426323,14.704303796987059
0.6500000000000004, 7.5, 119.20255823971516,14.701170575681497
0.6600000000000004, 7.5, 119.31154759996323,14.700070639626352
0.6700000000000004, 7.5, 119.40839071663545,14.69995555716273
0.6800000000000004, 7.5, 119.49412099848841,14.700034845054592
0.6900000000000004, 7.5, 119.56971226749495,14.699969643833967
0.7000000000000004, 7.5, 119.63608051270302,14.700028001883123
0.7100000000000004, 7.5, 119.69408564187842,14.69997331127128
0.7200000000000004, 7.5, 119.7445332309494,14.700025930183228
0.7300000000000004, 7.5, 119.78817627127671,14.699974517066398
0.7400000000000004, 7.5, 119.82571691477936,14.700025215994566
0.7500000000000004, 7.5, 119.85780821695496,14.699974944496361
0.7600000000000005, 7.5, 119.88505587784223,14.70002495858555
0.7700000000000005, 7.5, 119.90801998098512,14.699975100098287
0.7800000000000005, 7.5, 119.92721673047085,14.700024864311136
0.7900000000000005, 7.5, 119.94312018613054,14.699975157295048
0.8000000000000005, 7.5, 119.95616399700934,14.700024829580526
0.8100000000000005, 7.5, 119.96674313323658,14.69997517839464
0.8200000000000005, 7.5, 119.97521561645326,14.700024816758113
0.8300000000000005, 7.5, 119.98190424898806,14.6999751861884
0.8400000000000005, 7.5, 119.98709834201307,14.700024812020345
0.8500000000000005, 7.5, 119.99105544296073,14.699975189068653
0.8600000000000005, 7.5, 119.99400306254348,14.700024810269264
0.8700000000000006, 7.5, 119.99614040179321,14.69997519013327
0.8800000000000006, 7.5, 119.99764007962784,14.700024809621993
0.8900000000000006, 7.5, 119.99864986156156,14.699975190526803
0.9000000000000006, 7.5, 119.99929439029337,14.700024809382727
0.9100000000000006, 7.5, 119.99967691899185,14.699975190672275
0.9200000000000006, 7.5, 119.99988104790191,14.700024809294282
0.9300000000000006, 7.5, 119.99997246286772,14.69997519072605
0.9400000000000006, 7.5, 120.00000065401632,14.700024809261587
0.9500000000000006, 7.5, 119.99999926037393,14.69997519074593
0.9600000000000006, 7.5, 120.00000079889676,14.7000248092495
0.9700000000000006, 7.5, 119.99999916200252,14.699975190753275
0.9800000000000006, 7.5, 120.00000086300626,14.700024809245033
0.9900000000000007, 7.5, 119.9999991213063,14.699975190755996
1.0000000000000007, 7.5, 120.0000008884159,14.700024809243377
1.0100000000000007, 7.5, 119.9999991056035,14.699975190757
1.0200000000000007, 7.5, 120.00000089805874,14.700024809242768
1.0300000000000007, 7.5, 119.99999909970492,14.699975190757371
1.0400000000000007, 7.5, 120.00000090165838,14.700024809242542
1.0500000000000007, 7.5, 119.99999909751139,14.69997519075751
1.0600000000000007, 7.5, 120.00000090299386,14.700024809242459
1.0700000000000007, 7.5, 119.99999909669874,14.699975190757558
1.0800000000000007, 7.5, 120.00000090348821,14.700024809242429
1.0900000000000007, 7.5, 119.9999990963981,14.699975190757575
1.1000000000000008, 7.5, 120.00000090367105,14.70002480924242
1.1100000000000008, 7.5, 119.9999990962869,14.699975190757582
1.1200000000000008, 7.5, 120.00000090373867,14.700024809242413
1.1300000000000008, 7.5, 119.9999990962458,14.699975190757588
1.1400000000000008, 7.5, 120.00000090376363,14.700024809242409
1.1500000000000008, 7.5, 119.99999909623062,14.699975190757591
1.1600000000000008, 7.5, 120.00000090377287,14.700024809242407
1.1700000000000008, 7.5, 119.99999909622503,14.699975190757591
1.1800000000000008, 7.5, 120.00000090377625,14.700024809242407
1.1900000000000008, 7.5, 119.99999909622296,14.699975190757591
1.2000000000000008, 7.5, 120.00000090377752,14.700024809242407
1.2100000000000009, 7.5, 119.99999909622218,14.699975190757591
1.2200000000000009, 7.5, 120.00000090377799,14.700024809242407
1.2300000000000009, 7.5, 119.99999909622191,14.699975190757591
1.2400000000000009, 7.5, 120.00000090377816,14.700024809242407
1.2500000000000009, 7.5, 119.99999909622181,14.699975190757591
1.260000000000001, 7.5, 120.00000090377821,14.700024809242407
1.270000000000001, 7.5, 119.99999909622176,14.699975190757591
1.280000000000001, 7.5, 120.00000090377826,14.700024809242407
1.290000000000001, 7.5, 119.99999909622174,14.699975190757591
1.300000000000001, 7.5, 120.00000090377826,14.700024809242407
1.310000000000001, 7.5, 119.99999909622174,14.699975190757591
1.320000000000001, 7.5, 120.00000090377826,14.700024809242407
1.330000000000001, 7.5, 119.99999909622174,14.699975190757591
1.340000000000001, 7.5, 120.00000090377826,14.700024809242407
1.350000000000001, 7.5, 119.99999909622174,14.699975190757591
1.360000000000001, 7.5, 120.00000090377826,14.700024809242407
1.370000000000001, 7.5, 119.99999909622174,14.699975190757591
1.380000000000001, 7.5, 120.00000090377826,14.700024809242407
1.390000000000001, 7.5, 119.99999909622174,14.699975190757591
1.400000000000001, 7.5, 120.00000090377826,14.700024809242407
1.410000000000001, 7.5, 119.99999909622174,14.699975190757591
1.420000000000001, 7.5, 120.00000090377826,14.700024809242407
1.430000000000001, 7.5, 119.99999909622174,14.699975190757591
1.440000000000001, 7.5, 120.00000090377826,14.700024809242407
1.450000000000001, 7.5, 119.99999909622174,14.699975190757591
1.460000000000001, 7.5, 120.00000090377826,14.700024809242407
1.470000000000001, 7.5, 119.99999909622174,14.699975190757591
1.480000000000001, 7.5, 120.00000090377826,14.700024809242407
1.490000000000001, 7.5, 119.99999909622174,14.699975190757591
1.500000000000001, 7.5, 120.00000090377826,14.700024809242407
1.5100000000000011, 7.5, 119.99999909622174,14.699975190757591
1.5200000000000011, 7.5, 120.00000090377826,14.700024809242407
1.5300000000000011, 7.5, 119.99999909622174,14.699975190757591
1.5400000000000011, 7.5, 120.00000090377826,14.700024809242407
1.5500000000000012, 7.5, 119.99999909622174,14.699975190757591
1.5600000000000012, 7.5, 120.00000090377826,14.700024809242407
1.5700000000000012, 7.5, 119.99999909622174,14.699975190757591
1.5800000000000012, 7.5, 120.00000090377826,14.700024809242407
1.5900000000000012, 7.5, 119.99999909622174,14.699975190757591
1.6000000000000012, 7.5, 120.00000090377826,14.700024809242407
1.6100000000000012, 7.5, 119.99999909622174,14.699975190757591
1.6200000000000012, 7.5, 120.00000090377826,14.700024809242407
1.6300000000000012, 7.5, 119.99999909622174,14.699975190757591
1.6400000000000012, 7.5, 120.00000090377826,14.700024809242407
1.6500000000000012, 7.5, 119.99999909622174,14.699975190757591
1.6600000000000013, 7.5, 120.00000090377826,14.700024809242407
1.6700000000000013, 7.5, 119.99999909622174,14.699975190757591
1.6800000000000013, 7.5, 120.00000090377826,14.700024809242407
1.6900000000000013, 7.5, 119.99999909622174,14.699975190757591
1.7000000000000013, 7.5, 120.00000090377826,14.700024809242407
1.7100000000000013, 7.5, 119.99999909622174,14.699975190757591
1.7200000000000013, 7.5, 120.00000090377826,14.700024809242407
1.7300000000000013, 7.5, 119.99999909622174,14.699975190757591
1.7400000000000013, 7.5, 120.00000090377826,14.700024809242407
1.7500000000000013, 7.5, 119.99999909622174,14.699975190757591
1.7600000000000013, 7.5, 120.00000090377826,14.700024809242407
1.7700000000000014, 7.5, 119.99999909622174,14.699975190757591
1.7800000000000014, 7.5, 120.00000090377826,14.700024809242407
1.7900000000000014, 7.5, 119.99999909622174,14.699975190757591
1.8000000000000014, 7.5, 120.00000090377826,14.700024809242407
1.8100000000000014, 7.5, 119.99999909622174,14.699975190757591
1.8200000000000014, 7.5, 120.00000090377826,14.700024809242407
1.8300000000000014, 7.5, 119.99999909622174,14.699975190757591
1.8400000000000014, 7.5, 120.00000090377826,14.700024809242407
1.8500000000000014, 7.5, 119.99999909622174,14.699975190757591
1.8600000000000014, 7.5, 120.00000090377826,14.700024809242407
1.8700000000000014, 7.5, 119.99999909622174,14.699975190757591
1.8800000000000014, 7.5, 120.00000090377826,14.700024809242407
1.8900000000000015, 7.5, 119.99999909622174,14.699975190757591
1.9000000000000015, 7.5, 120.00000090377826,14.700024809242407
1.9100000000000015, 7.5, 119.99999909622174,14.699975190757591
1.9200000000000015, 7.5, 120.00000090377826,14.700024809242407
1.9300000000000015, 7.5, 119.99999909622174,14.699975190757591
1.9400000000000015, 7.5, 120.00000090377826,14.700024809242407
1.9500000000000015, 7.5, 119.99999909622174,14.699975190757591
1.9600000000000015, 7.5, 120.00000090377826,14.700024809242407
1.9700000000000015, 7.5, 119.99999909622174,14.699975190757591
1.9800000000000015, 7.5, 120.00000090377826,14.700024809242407
1.9900000000000015, 7.5, 119.99999909622174,14.699975190757591
2.0000000000000013, 7.5, 120.00000090377826,14.700024809242407
2.010000000000001, 7.5, 119.99999909622174,14.699975190757591
2.020000000000001, 7.5, 120.00000090377826,14.700024809242407
2.0300000000000007, 7.5, 119.99999909622174,14.699975190757591
2.0400000000000005, 7.5, 120.00000090377826,14.700024809242407
2.0500000000000003, 7.5, 119.99999909622174,14.699975190757591
2.06, 7.5, 120.00000090377826,14.700024809242407
2.07, 7.5, 119.99999909622174,14.699975190757591
2.0799999999999996, 7.5, 120.00000090377826,14.700024809242407
2.0899999999999994, 7.5, 119.99999909622174,14.699975190757591
2.099999999999999, 7.5, 120.00000090377826,14.700024809242407
2.109999999999999, 7.5, 119.99999909622174,14.699975190757591
2.1199999999999988, 7.5, 120.00000090377826,14.700024809242407
2.1299999999999986, 7.5, 119.99999909622174,14.699975190757591
2.1399999999999983, 7.5, 120.00000090377826,14.700024809242407
2.149999999999998, 7.5, 119.99999909622174,14.699975190757591
2.159999999999998, 7.5, 120.00000090377826,14.700024809242407
2.1699999999999977, 7.5, 119.99999909622174,14.699975190757591
2.1799999999999975, 7.5, 120.00000090377826,14.700024809242407
2.1899999999999973, 7.5, 119.99999909622174,14.699975190757591
2.199999999999997, 7.5, 120.00000090377826,14.700024809242407
2.209999999999997, 7.5, 119.99999909622174,14.699975190757591
2.2199999999999966, 7.5, 120.00000090377826,14.700024809242407
2.2299999999999964, 7.5, 119.99999909622174,14.699975190757591
2.239999999999996, 7.5, 120.00000090377826,14.700024809242407
2.249999999999996, 7.5, 119.99999909622174,14.699975190757591
2.259999999999996, 7.5, 120.00000090377826,14.700024809242407
2.2699999999999956, 7.5, 119.99999909622174,14.699975190757591
2.2799999999999954, 7.5, 120.00000090377826,14.700024809242407
2.289999999999995, 7.5, 119.99999909622174,14.699975190757591
2.299999999999995, 7.5, 120.00000090377826,14.700024809242407
2.3099999999999947, 7.5, 119.99999909622174,14.699975190757591
2.3199999999999945, 7.5, 120.00000090377826,14.700024809242407
2.3299999999999943, 7.5, 119.99999909622174,14.699975190757591
2.339999999999994, 7.5, 120.00000090377826,14.700024809242407
2.349999999999994, 7.5, 119.99999909622174,14.699975190757591
2.3599999999999937, 7.5, 120.00000090377826,14.700024809242407
2.3699999999999934, 7.5, 119.99999909622174,14.699975190757591
2.3799999999999932, 7.5, 120.00000090377826,14.700024809242407
2.389999999999993, 7.5, 119.99999909622174,14.699975190757591
2.399999999999993, 7.5, 120.00000090377826,14.700024809242407
2.4099999999999926, 7.5, 119.99999909622174,14.699975190757591
2.4199999999999924, 7.5, 120.00000090377826,14.700024809242407
2.429999999999992, 7.5, 119.99999909622174,14.699975190757591
2.439999999999992, 7.5, 120.00000090377826,14.700024809242407
2.4499999999999917, 7.5, 119.99999909622174,14.699975190757591
2.4599999999999915, 7.5, 120.00000090377826,14.700024809242407
2.4699999999999913, 7.5, 119.99999909622174,14.699975190757591
2.479999999999991, 7.5, 120.00000090377826,14.700024809242407
2.489999999999991, 7.5, 119.99999909622174,14.699975190757591
2.4999999999999907, 7.5, 120.00000090377826,14.700024809242407
2.5099999999999905, 7.5, 119.99999909622174,14.699975190757591
2.5199999999999902, 7.5, 120.00000090377826,14.700024809242407
2.52999999999999, 7.5, 119.99999909622174,14.699975190757591
2.53999999999999, 7.5, 120.00000090377826,14.700024809242407
2.5499999999999896, 7.5, 119.99999909622174,14.699975190757591
2.5599999999999894, 7.5, 120.00000090377826,14.700024809242407
2.569999999999989, 7.5, 119.99999909622174,14.699975190757591
2.579999999999989, 7.5, 120.00000090377826,14.700024809242407
2.5899999999999888, 7.5, 119.99999909622174,14.699975190757591
2.5999999999999885, 7.5, 120.00000090377826,14.700024809242407
2.6099999999999883, 7.5, 119.99999909622174,14.699975190757591
2.619999999999988, 7.5, 120.00000090377826,14.700024809242407
2.629999999999988, 7.5, 119.99999909622174,14.699975190757591
2.6399999999999877, 7.5, 120.00000090377826,14.700024809242407
2.6499999999999875, 7.5, 119.99999909622174,14.699975190757591
2.6599999999999873, 7.5, 120.00000090377826,14.700024809242407
2.669999999999987, 7.5, 119.99999909622174,14.699975190757591
2.679999999999987, 7.5, 120.00000090377826,14.700024809242407
2.6899999999999866, 7.5, 119.99999909622174,14.699975190757591
2.6999999999999864, 7.5, 120.00000090377826,14.700024809242407
2.709999999999986, 7.5, 119.99999909622174,14.699975190757591
2.719999999999986, 7.5, 120.00000090377826,14.700024809242407
2.7299999999999858, 7.5, 119.99999909622174,14.699975190757591
2.7399999999999856, 7.5, 120.00000090377826,14.700024809242407
2.7499999999999853, 7.5, 119.99999909622174,14.699975190757591
2.759999999999985, 7.5, 120.00000090377826,14.700024809242407
2.769999999999985, 7.5, 119.99999909622174,14.699975190757591
2.7799999999999847, 7.5, 120.00000090377826,14.700024809242407
2.7899999999999845, 7.5, 119.99999909622174,14.699975190757591
2.7999999999999843, 7.5, 120.00000090377826,14.700024809242407
2.809999999999984, 7.5, 119.99999909622174,14.699975190757591
2.819999999999984, 7.5, 120.00000090377826,14.700024809242407
2.8299999999999836, 7.5, 119.99999909622174,14.699975190757591
2.8399999999999834, 7.5, 120.00000090377826,14.700024809242407
2.849999999999983, 7.5, 119.99999909622174,14.699975190757591
2.859999999999983, 7.5, 120.00000090377826,14.700024809242407
2.869999999999983, 7.5, 119.99999909622174,14.699975190757591
2.8799999999999826, 7.5, 120.00000090377826,14.700024809242407
2.8899999999999824, 7.5, 119.99999909622174,14.699975190757591
2.899999999999982, 7.5, 120.00000090377826,14.700024809242407
2.909999999999982, 7.5, 119.99999909622174,14.699975190757591
2.9199999999999817, 7.5, 120.00000090377826,14.700024809242407
2.9299999999999815, 7.5, 119.99999909622174,14.699975190757591
2.9399999999999813, 7.5, 120.00000090377826,14.700024809242407
2.949999999999981, 7.5, 119.99999909622174,14.699975190757591
2.959999999999981, 7.5, 120.00000090377826,14.700024809242407
2.9699999999999807, 7.5, 119.99999909622174,14.699975190757591
2.9799999999999804, 7.5, 120.00000090377826,14.700024809242407
2.9899999999999802, 7.5, 119.99999909622174,14.699975190757591
2.99999999999998, 7.5, 120.00000090377826,14.700024809242407
3.00999999999998, 7.5, 119.99999909622174,14.699975190757591
3.0199999999999796, 7.5, 120.00000090377826,14.700024809242407
3.0299999999999794, 7.5, 119.99999909622174,14.699975190757591
3.039999999999979, 7.5, 120.00000090377826,14.700024809242407
3.049999999999979, 7.5, 119.99999909622174,14.699975190757591
3.0599999999999787, 7.5, 120.00000090377826,14.700024809242407
3.0699999999999785, 7.5, 119.99999909622174,14.699975190757591
3.0799999999999783, 7.5, 120.00000090377826,14.700024809242407
3.089999999999978, 7.5, 119.99999909622174,14.699975190757591
3.099999999999978, 7.5, 120.00000090377826,14.700024809242407
3.1099999999999777, 7.5, 119.99999909622174,14.699975190757591
3.1199999999999775, 7.5, 120.00000090377826,14.700024809242407
3.1299999999999772, 7.5, 119.99999909622174,14.699975190757591
3.139999999999977, 7.5, 120.00000090377826,14.700024809242407
3.149999999999977, 7.5, 119.99999909622174,14.699975190757591
3.1599999999999766, 7.5, 120.00000090377826,14.700024809242407
3.1699999999999764, 7.5, 119.99999909622174,14.699975190757591
3.179999999999976, 7.5, 120.00000090377826,14.700024809242407
3.189999999999976, 7.5, 119.99999909622174,14.699975190757591
3.1999999999999758, 7.5, 120.00000090377826,14.700024809242407
3.2099999999999755, 7.5, 119.99999909622174,14.699975190757591
3.2199999999999753, 7.5, 120.00000090377826,14.700024809242407
3.229999999999975, 7.5, 119.99999909622174,14.699975190757591
3.239999999999975, 7.5, 120.00000090377826,14.700024809242407
3.2499999999999747, 7.5, 119.99999909622174,14.699975190757591
3.2599999999999745, 7.5, 120.00000090377826,14.700024809242407
3.2699999999999743, 7.5, 119.99999909622174,14.699975190757591
3.279999999999974, 7.5, 120.00000090377826,14.700024809242407
3.289999999999974, 7.5, 119.99999909622174,14.699975190757591
3.2999999999999736, 7.5, 120.00000090377826,14.700024809242407
3.3099999999999734, 7.5, 119.99999909622174,14.699975190757591
3.319999999999973, 7.5, 120.00000090377826,14.700024809242407
3.329999999999973, 7.5, 119.99999909622174,14.699975190757591
3.3399999999999728, 7.5, 120.00000090377826,14.700024809242407
3.3499999999999726, 7.5, 119.99999909622174,14.699975190757591
3.3599999999999723, 7.5, 120.00000090377826,14.700024809242407
3.369999999999972, 7.5, 119.99999909622174,14.699975190757591
3.379999999999972, 7.5, 120.00000090377826,14.700024809242407
3.3899999999999717, 7.5, 119.99999909622174,14.699975190757591
3.3999999999999715, 7.5, 120.00000090377826,14.700024809242407
3.4099999999999713, 7.5, 119.99999909622174,14.699975190757591
3.419999999999971, 7.5, 120.00000090377826,14.700024809242407
3.429999999999971, 7.5, 119.99999909622174,14.699975190757591
3.4399999999999706, 7.5, 120.00000090377826,14.700024809242407
3.4499999999999704, 7.5, 119.99999909622174,14.699975190757591
3.45999999999997, 7.5, 120.00000090377826,14.700024809242407
3.46999999999997, 7.5, 119.99999909622174,14.699975190757591
3.47999999999997, 7.5, 120.00000090377826,14.700024809242407
3.4899999999999696, 7.5, 119.99999909622174,14.699975190757591
3.4999999999999694, 7.5, 120.00000090377826,14.700024809242407
3.509999999999969, 7.5, 119.99999909622174,14.699975190757591
3.519999999999969, 7.5, 120.00000090377826,14.700024809242407
3.5299999999999687, 7.5, 119.99999909622174,14.699975190757591
3.5399999999999685, 7.5, 120.00000090377826,14.700024809242407
3.5499999999999683, 7.5, 119.99999909622174,14.699975190757591
3.559999999999968, 7.5, 120.00000090377826,14.700024809242407
3.569999999999968, 7.5, 119.99999909622174,14.699975190757591
3.5799999999999677, 7.5, 120.00000090377826,14.700024809242407
3.5899999999999674, 7.5, 119.99999909622174,14.699975190757591
3.5999999999999672, 7.5, 120.00000090377826,14.700024809242407
3.609999999999967, 7.5, 119.99999909622174,14.699975190757591
3.619999999999967, 7.5, 120.00000090377826,14.700024809242407
3.6299999999999666, 7.5, 119.99999909622174,14.699975190757591
3.6399999999999664, 7.5, 120.00000090377826,14.700024809242407
3.649999999999966, 7.5, 119.99999909622174,14.699975190757591
3.659999999999966, 7.5, 120.00000090377826,14.700024809242407
3.6699999999999657, 7.5, 119.99999909622174,14.699975190757591
3.6799999999999655, 7.5, 120.00000090377826,14.700024809242407
3.6899999999999653, 7.5, 119.99999909622174,14.699975190757591
3.699999999999965, 7.5, 120.00000090377826,14.700024809242407
3.709999999999965, 7.5, 119.99999909622174,14.699975190757591
3.7199999999999647, 7.5, 120.00000090377826,14.700024809242407
3.7299999999999645, 7.5, 119.99999909622174,14.699975190757591
3.7399999999999642, 7.5, 120.00000090377826,14.700024809242407
3.749999999999964, 7.5, 119.99999909622174,14.699975190757591
3.759999999999964, 7.5, 120.00000090377826,14.700024809242407
3.7699999999999636, 7.5, 119.99999909622174,14.699975190757591
3.7799999999999634, 7.5, 120.00000090377826,14.700024809242407
3.789999999999963, 7.5, 119.99999909622174,14.699975190757591
3.799999999999963, 7.5, 120.00000090377826,14.700024809242407
3.8099999999999627, 7.5, 119.99999909622174,14.699975190757591
3.8199999999999625, 7.5, 120.00000090377826,14.700024809242407
3.8299999999999623, 7.5, 119.99999909622174,14.699975190757591
3.839999999999962, 7.5, 120.00000090377826,14.700024809242407
3.849999999999962, 7.5, 119.99999909622174,14.699975190757591
3.8599999999999617, 7.5, 120.00000090377826,14.700024809242407
3.8699999999999615, 7.5, 119.99999909622174,14.699975190757591
3.8799999999999613, 7.5, 120.00000090377826,14.700024809242407
3.889999999999961, 7.5, 119.99999909622174,14.699975190757591
3.899999999999961, 7.5, 120.00000090377826,14.700024809242407
3.9099999999999606, 7.5, 119.99999909622174,14.699975190757591
3.9199999999999604, 7.5, 120.00000090377826,14.700024809242407
3.92999999999996, 7.5, 119.99999909622174,14.699975190757591
3.93999999999996, 7.5, 120.00000090377826,14.700024809242407
3.9499999999999598, 7.5, 119.99999909622174,14.699975190757591
3.9599999999999596, 7.5, 120.00000090377826,14.700024809242407
3.9699999999999593, 7.5, 119.99999909622174,14.699975190757591
3.979999999999959, 7.5, 120.00000090377826,14.700024809242407
3.989999999999959, 7.5, 119.99999909622174,14.699975190757591
3.9999999999999587, 7.5, 120.00000090377826,14.700024809242407
4.009999999999959, 7.5, 119.99999909622174,14.699975190757591
4.019999999999959, 7.5, 120.00000090377826,14.700024809242407
4.0299999999999585, 7.5, 119.99999909622174,14.699975190757591
4.039999999999958, 7.5, 120.00000090377826,14.700024809242407
4.049999999999958, 7.5, 119.99999909622174,14.699975190757591
4.059999999999958, 7.5, 120.00000090377826,14.700024809242407
4.069999999999958, 7.5, 119.99999909622174,14.699975190757591
4.079999999999957, 7.5, 120.00000090377826,14.700024809242407
4.089999999999957, 7.5, 119.99999909622174,14.699975190757591
4.099999999999957, 7.5, 120.00000090377826,14.700024809242407
4.109999999999957, 7.5, 119.99999909622174,14.699975190757591
4.119999999999957, 7.5, 120.00000090377826,14.700024809242407
4.129999999999956, 7.5, 119.99999909622174,14.699975190757591
4.139999999999956, 7.5, 120.00000090377826,14.700024809242407
4.149999999999956, 7.5, 119.99999909622174,14.699975190757591
4.159999999999956, 7.5, 120.00000090377826,14.700024809242407
4.1699999999999555, 7.5, 119.99999909622174,14.699975190757591
4.179999999999955, 7.5, 120.00000090377826,14.700024809242407
4.189999999999955, 7.5, 119.99999909622174,14.699975190757591
4.199999999999955, 7.5, 120.00000090377826,14.700024809242407
4.209999999999955, 7.5, 119.99999909622174,14.699975190757591
4.2199999999999545, 7.5, 120.00000090377826,14.700024809242407
4.229999999999954, 7.5, 119.99999909622174,14.699975190757591
4.239999999999954, 7.5, 120.00000090377826,14.700024809242407
4.249999999999954, 7.5, 119.99999909622174,14.699975190757591
4.259999999999954, 7.5, 120.00000090377826,14.700024809242407
4.269999999999953, 7.5, 119.99999909622174,14.699975190757591
4.279999999999953, 7.5, 120.00000090377826,14.700024809242407
4.289999999999953, 7.5, 119.99999909622174,14.699975190757591
4.299999999999953, 7.5, 120.00000090377826,14.700024809242407
4.3099999999999525, 7.5, 119.99999909622174,14.699975190757591
4.319999999999952, 7.5, 120.00000090377826,14.700024809242407
4.329999999999952, 7.5, 119.99999909622174,14.699975190757591
4.339999999999952, 7.5, 120.00000090377826,14.700024809242407
4.349999999999952, 7.5, 119.99999909622174,14.699975190757591
4.3599999999999515, 7.5, 120.00000090377826,14.700024809242407
4.369999999999951, 7.5, 119.99999909622174,14.699975190757591
4.379999999999951, 7.5, 120.00000090377826,14.700024809242407
4.389999999999951, 7.5, 119.99999909622174,14.699975190757591
4.399999999999951, 7.5, 120.00000090377826,14.700024809242407
4.40999999999995, 7.5, 119.99999909622174,14.699975190757591
4.41999999999995, 7.5, 120.00000090377826,14.700024809242407
4.42999999999995, 7.5, 119.99999909622174,14.699975190757591
4.43999999999995, 7.5, 120.00000090377826,14.700024809242407
4.4499999999999496, 7.5, 119.99999909622174,14.699975190757591
4.459999999999949, 7.5, 120.00000090377826,14.700024809242407
4.469999999999949, 7.5, 119.99999909622174,14.699975190757591
4.479999999999949, 7.5, 120.00000090377826,14.700024809242407
4.489999999999949, 7.5, 119.99999909622174,14.699975190757591
4.4999999999999485, 7.5, 120.00000090377826,14.700024809242407
4.509999999999948, 7.5, 119.99999909622174,14.699975190757591
4.519999999999948, 7.5, 120.00000090377826,14.700024809242407
4.529999999999948, 7.5, 119.99999909622174,14.699975190757591
4.539999999999948, 7.5, 120.00000090377826,14.700024809242407
4.549999999999947, 7.5, 119.99999909622174,14.699975190757591
4.559999999999947, 7.5, 120.00000090377826,14.700024809242407
4.569999999999947, 7.5, 119.99999909622174,14.699975190757591
4.579999999999947, 7.5, 120.00000090377826,14.700024809242407
4.589999999999947, 7.5, 119.99999909622174,14.699975190757591
4.599999999999946, 7.5, 120.00000090377826,14.700024809242407
4.609999999999946, 7.5, 119.99999909622174,14.699975190757591
4.619999999999946, 7.5, 120.00000090377826,14.700024809242407
4.629999999999946, 7.5, 119.99999909622174,14.699975190757591
4.6399999999999455, 7.5, 120.00000090377826,14.700024809242407
4.649999999999945, 7.5, 119.99999909622174,14.699975190757591
4.659999999999945, 7.5, 120.00000090377826,14.700024809242407
4.669999999999945, 7.5, 119.99999909622174,14.699975190757591
4.679999999999945, 7.5, 120.00000090377826,14.700024809242407
4.689999999999944, 7.5, 119.99999909622174,14.699975190757591
4.699999999999944, 7.5, 120.00000090377826,14.700024809242407
4.709999999999944, 7.5, 119.99999909622174,14.699975190757591
4.719999999999944, 7.5, 120.00000090377826,14.700024809242407
4.729999999999944, 7.5, 119.99999909622174,14.699975190757591
4.739999999999943, 7.5, 120.00000090377826,14.700024809242407
4.749999999999943, 7.5, 119.99999909622174,14.699975190757591
4.759999999999943, 7.5, 120.00000090377826,14.700024809242407
4.769999999999943, 7.5, 119.99999909622174,14.699975190757591
4.7799999999999425, 7.5, 120.00000090377826,14.700024809242407
4.789999999999942, 7.5, 119.99999909622174,14.699975190757591
4.799999999999942, 7.5, 120.00000090377826,14.700024809242407
4.809999999999942, 7.5, 119.99999909622174,14.699975190757591
4.819999999999942, 7.5, 120.00000090377826,14.700024809242407
4.8299999999999415, 7.5, 119.99999909622174,14.699975190757591
4.839999999999941, 7.5, 120.00000090377826,14.700024809242407
4.849999999999941, 7.5, 119.99999909622174,14.699975190757591
4.859999999999941, 7.5, 120.00000090377826,14.700024809242407
4.869999999999941, 7.5, 119.99999909622174,14.699975190757591
4.87999999999994, 7.5, 120.00000090377826,14.700024809242407
4.88999999999994, 7.5, 119.99999909622174,14.699975190757591
4.89999999999994, 7.5, 120.00000090377826,14.700024809242407
4.90999999999994, 7.5, 119.99999909622174,14.699975190757591
4.9199999999999395, 7.5, 120.00000090377826,14.700024809242407
4.929999999999939, 7.5, 119.99999909622174,14.699975190757591
4.939999999999939, 7.5, 120.00000090377826,14.700024809242407
4.949999999999939, 7.5, 119.99999909622174,14.699975190757591
4.959999999999939, 7.5, 120.00000090377826,14.700024809242407
4.9699999999999385, 7.5, 119.99999909622174,14.699975190757591
4.979999999999938, 7.5, 120.00000090377826,14.700024809242407
4.989999999999938, 7.5, 119.99999909622174,14.699975190757591
4.999999999999938, 7.5, 120.00000090377826,14.700024809242407
5.009999999999938, 7.5, 119.99999909622174,14.699975190757591
5.019999999999937, 7.5, 120.00000090377826,14.700024809242407
5.029999999999937, 7.5, 119.99999909622174,14.699975190757591
5.039999999999937, 7.5, 120.00000090377826,14.700024809242407
5.049999999999937, 7.5, 119.99999909622174,14.699975190757591
5.0599999999999365, 7.5, 120.00000090377826,14.700024809242407
5.069999999999936, 7.5, 119.99999909622174,14.699975190757591
5.079999999999936, 7.5, 120.00000090377826,14.700024809242407
5.089999999999936, 7.5, 119.99999909622174,14.699975190757591
5.099999999999936, 7.5, 120.00000090377826,14.700024809242407
5.1099999999999355, 7.5, 119.99999909622174,14.699975190757591
5.119999999999935, 7.5, 120.00000090377826,14.700024809242407
5.129999999999935, 7.5, 119.99999909622174,14.699975190757591
5.139999999999935, 7.5, 120.00000090377826,14.700024809242407
5.149999999999935, 7.5, 119.99999909622174,14.699975190757591
5.159999999999934, 7.5, 120.00000090377826,14.700024809242407
5.169999999999934, 7.5, 119.99999909622174,14.699975190757591
5.179999999999934, 7.5, 120.00000090377826,14.700024809242407
5.189999999999934, 7.5, 119.99999909622174,14.699975190757591
5.199999999999934, 7.5, 120.00000090377826,14.700024809242407
5.209999999999933, 7.5, 119.99999909622174,14.699975190757591
5.219999999999933, 7.5, 120.00000090377826,14.700024809242407
5.229999999999933, 7.5, 119.99999909622174,14.699975190757591
5.239999999999933, 7.5, 120.00000090377826,14.700024809242407
5.2499999999999325, 7.5, 119.99999909622174,14.699975190757591
5.259999999999932, 7.5, 120.00000090377826,14.700024809242407
5.269999999999932, 7.5, 119.99999909622174,14.699975190757591
5.279999999999932, 7.5, 120.00000090377826,14.700024809242407
5.289999999999932, 7.5, 119.99999909622174,14.699975190757591
5.299999999999931, 7.5, 120.00000090377826,14.700024809242407
5.309999999999931, 7.5, 119.99999909622174,14.699975190757591
5.319999999999931, 7.5, 120.00000090377826,14.700024809242407
5.329999999999931, 7.5, 119.99999909622174,14.699975190757591
5.339999999999931, 7.5, 120.00000090377826,14.700024809242407
5.34999999999993, 7.5, 119.99999909622174,14.699975190757591
5.35999999999993, 7.5, 120.00000090377826,14.700024809242407
5.36999999999993, 7.5, 119.99999909622174,14.699975190757591
5.37999999999993, 7.5, 120.00000090377826,14.700024809242407
5.3899999999999295, 7.5, 119.99999909622174,14.699975190757591
5.399999999999929, 7.5, 120.00000090377826,14.700024809242407
5.409999999999929, 7.5, 119.99999909622174,14.699975190757591
5.419999999999929, 7.5, 120.00000090377826,14.700024809242407
5.429999999999929, 7.5, 119.99999909622174,14.699975190757591
5.4399999999999284, 7.5, 120.00000090377826,14.700024809242407
5.449999999999928, 7.5, 119.99999909622174,14.699975190757591
5.459999999999928, 7.5, 120.00000090377826,14.700024809242407
5.469999999999928, 7.5, 119.99999909622174,14.699975190757591
5.479999999999928, 7.5, 120.00000090377826,14.700024809242407
5.489999999999927, 7.5, 119.99999909622174,14.699975190757591
5.499999999999927, 7.5, 120.00000090377826,14.700024809242407
5.509999999999927, 7.5, 119.99999909622174,14.699975190757591
5.519999999999927, 7.5, 120.00000090377826,14.700024809242407
5.5299999999999265, 7.5, 119.99999909622174,14.699975190757591
5.539999999999926, 7.5, 120.00000090377826,14.700024809242407
5.549999999999926, 7.5, 119.99999909622174,14.699975190757591
5.559999999999926, 7.5, 120.00000090377826,14.700024809242407
5.569999999999926, 7.5, 119.99999909622174,14.699975190757591
5.5799999999999255, 7.5, 120.00000090377826,14.700024809242407
5.589999999999925, 7.5, 119.99999909622174,14.699975190757591
5.599999999999925, 7.5, 120.00000090377826,14.700024809242407
5.609999999999925, 7.5, 119.99999909622174,14.699975190757591
5.619999999999925, 7.5, 120.00000090377826,14.700024809242407
5.629999999999924, 7.5, 119.99999909622174,14.699975190757591
5.639999999999924, 7.5, 120.00000090377826,14.700024809242407
5.649999999999924, 7.5, 119.99999909622174,14.699975190757591
5.659999999999924, 7.5, 120.00000090377826,14.700024809242407
5.6699999999999235, 7.5, 119.99999909622174,14.699975190757591
5.679999999999923, 7.5, 120.00000090377826,14.700024809242407
5.689999999999923, 7.5, 119.99999909622174,14.699975190757591
5.699999999999923, 7.5, 120.00000090377826,14.700024809242407
5.709999999999923, 7.5, 119.99999909622174,14.699975190757591
5.7199999999999225, 7.5, 120.00000090377826,14.700024809242407
5.729999999999922, 7.5, 119.99999909622174,14.699975190757591
5.739999999999922, 7.5, 120.00000090377826,14.700024809242407
5.749999999999922, 7.5, 119.99999909622174,14.699975190757591
5.759999999999922, 7.5, 120.00000090377826,14.700024809242407
5.769999999999921, 7.5, 119.99999909622174,14.699975190757591
5.779999999999921, 7.5, 120.00000090377826,14.700024809242407
5.789999999999921, 7.5, 119.99999909622174,14.699975190757591
5.799999999999921, 7.5, 120.00000090377826,14.700024809242407
5.809999999999921, 7.5, 119.99999909622174,14.699975190757591
5.81999999999992, 7.5, 120.00000090377826,14.700024809242407
5.82999999999992, 7.5, 119.99999909622174,14.699975190757591
5.83999999999992, 7.5, 120.00000090377826,14.700024809242407
5.84999999999992, 7.5, 119.99999909622174,14.699975190757591
5.8599999999999195, 7.5, 120.00000090377826,14.700024809242407
5.869999999999919, 7.5, 119.99999909622174,14.699975190757591
5.879999999999919, 7.5, 120.00000090377826,14.700024809242407
5.889999999999919, 7.5, 119.99999909622174,14.699975190757591
5.899999999999919, 7.5, 120.00000090377826,14.700024809242407
5.909999999999918, 7.5, 119.99999909622174,14.699975190757591
5.919999999999918, 7.5, 120.00000090377826,14.700024809242407
5.929999999999918, 7.5, 119.99999909622174,14.699975190757591
5.939999999999918, 7.5, 120.00000090377826,14.700024809242407
5.949999999999918, 7.5, 119.99999909622174,14.699975190757591
5.959999999999917, 7.5, 120.00000090377826,14.700024809242407
5.969999999999917, 7.5, 119.99999909622174,14.699975190757591
5.979999999999917, 7.5, 120.00000090377826,14.700024809242407
5.989999999999917, 7.5, 119.99999909622174,14.699975190757591
5.9999999999999165, 7.5, 120.00000090377826,14.700024809242407
6.009999999999916, 7.5, 119.99999909622174,14.699975190757591
6.019999999999916, 7.5, 120.00000090377826,14.700024809242407
6.029999999999916, 7.5, 119.99999909622174,14.699975190757591
6.039999999999916, 7.5, 120.00000090377826,14.700024809242407
6.0499999999999154, 7.5, 119.99999909622174,14.699975190757591
6.059999999999915, 7.5, 120.00000090377826,14.700024809242407
6.069999999999915, 7.5, 119.99999909622174,14.699975190757591
6.079999999999915, 7.5, 120.00000090377826,14.700024809242407
6.089999999999915, 7.5, 119.99999909622174,14.699975190757591
6.099999999999914, 7.5, 120.00000090377826,14.700024809242407
6.109999999999914, 7.5, 119.99999909622174,14.699975190757591
6.119999999999914, 7.5, 120.00000090377826,14.700024809242407
6.129999999999914, 7.5, 119.99999909622174,14.699975190757591
6.1399999999999135, 7.5, 120.00000090377826,14.700024809242407
6.149999999999913, 7.5, 119.99999909622174,14.699975190757591
6.159999999999913, 7.5, 120.00000090377826,14.700024809242407
6.169999999999913, 7.5, 119.99999909622174,14.699975190757591
6.179999999999913, 7.5, 120.00000090377826,14.700024809242407
6.1899999999999125, 7.5, 119.99999909622174,14.699975190757591
6.199999999999912, 7.5, 120.00000090377826,14.700024809242407
6.209999999999912, 7.5, 119.99999909622174,14.699975190757591
6.219999999999912, 7.5, 120.00000090377826,14.700024809242407
6.229999999999912, 7.5, 119.99999909622174,14.699975190757591
6.239999999999911, 7.5, 120.00000090377826,14.700024809242407
6.249999999999911, 7.5, 119.99999909622174,14.699975190757591
6.259999999999911, 7.5, 120.00000090377826,14.700024809242407
6.269999999999911, 7.5, 119.99999909622174,14.699975190757591
6.2799999999999105, 7.5, 120.00000090377826,14.700024809242407
6.28999999999991, 7.5, 119.99999909622174,14.699975190757591
6.29999999999991, 7.5, 120.00000090377826,14.700024809242407
6.30999999999991, 7.5, 119.99999909622174,14.699975190757591
6.31999999999991, 7.5, 120.00000090377826,14.700024809242407
6.3299999999999095, 7.5, 119.99999909622174,14.699975190757591
6.339999999999909, 7.5, 120.00000090377826,14.700024809242407
6.349999999999909, 7.5, 119.99999909622174,14.699975190757591
6.359999999999909, 7.5, 120.00000090377826,14.700024809242407
6.369999999999909, 7.5, 119.99999909622174,14.699975190757591
6.379999999999908, 7.5, 120.00000090377826,14.700024809242407
6.389999999999908, 7.5, 119.99999909622174,14.699975190757591
6.399999999999908, 7.5, 120.00000090377826,14.700024809242407
6.409999999999908, 7.5, 119.99999909622174,14.699975190757591
6.419999999999908, 7.5, 120.00000090377826,14.700024809242407
6.429999999999907, 7.5, 119.99999909622174,14.699975190757591
6.439999999999907, 7.5, 120.00000090377826,14.700024809242407
6.449999999999907, 7.5, 119.99999909622174,14.699975190757591
6.459999999999907, 7.5, 120.00000090377826,14.700024809242407
6.4699999999999065, 7.5, 119.99999909622174,14.699975190757591
6.479999999999906, 7.5, 120.00000090377826,14.700024809242407
6.489999999999906, 7.5, 119.99999909622174,14.699975190757591
6.499999999999906, 7.5, 120.00000090377826,14.700024809242407
6.509999999999906, 7.5, 119.99999909622174,14.699975190757591
6.519999999999905, 7.5, 120.00000090377826,14.700024809242407
6.529999999999905, 7.5, 119.99999909622174,14.699975190757591
6.539999999999905, 7.5, 120.00000090377826,14.700024809242407
6.549999999999905, 7.5, 119.99999909622174,14.699975190757591
6.559999999999905, 7.5, 120.00000090377826,14.700024809242407
6.569999999999904, 7.5, 119.99999909622174,14.699975190757591
6.579999999999904, 7.5, 120.00000090377826,14.700024809242407
6.589999999999904, 7.5, 119.99999909622174,14.699975190757591
6.599999999999904, 7.5, 120.00000090377826,14.700024809242407
6.6099999999999035, 7.5, 119.99999909622174,14.699975190757591
6.619999999999903, 7.5, 120.00000090377826,14.700024809242407
6.629999999999903, 7.5, 119.99999909622174,14.699975190757591
6.639999999999903, 7.5, 120.00000090377826,14.700024809242407
6.649999999999903, 7.5, 119.99999909622174,14.699975190757591
6.659999999999902, 7.5, 120.00000090377826,14.700024809242407
6.669999999999902, 7.5, 119.99999909622174,14.699975190757591
6.679999999999902, 7.5, 120.00000090377826,14.700024809242407
6.689999999999902, 7.5, 119.99999909622174,14.699975190757591
6.699999999999902, 7.5, 120.00000090377826,14.700024809242407
6.709999999999901, 7.5, 119.99999909622174,14.699975190757591
6.719999999999901, 7.5, 120.00000090377826,14.700024809242407
6.729999999999901, 7.5, 119.99999909622174,14.699975190757591
6.739999999999901, 7.5, 120.00000090377826,14.700024809242407
6.7499999999999005, 7.5, 119.99999909622174,14.699975190757591
6.7599999999999, 7.5, 120.00000090377826,14.700024809242407
6.7699999999999, 7.5, 119.99999909622174,14.699975190757591
6.7799999999999, 7.5, 120.00000090377826,14.700024809242407
6.7899999999999, 7.5, 119.99999909622174,14.699975190757591
6.7999999999998995, 7.5, 120.00000090377826,14.700024809242407
6.809999999999899, 7.5, 119.99999909622174,14.699975190757591
6.819999999999899, 7.5, 120.00000090377826,14.700024809242407
6.829999999999899, 7.5, 119.99999909622174,14.699975190757591
6.839999999999899, 7.5, 120.00000090377826,14.700024809242407
6.849999999999898, 7.5, 119.99999909622174,14.699975190757591
6.859999999999898, 7.5, 120.00000090377826,14.700024809242407
6.869999999999898, 7.5, 119.99999909622174,14.699975190757591
6.879999999999898, 7.5, 120.00000090377826,14.700024809242407
6.8899999999998975, 7.5, 119.99999909622174,14.699975190757591
6.899999999999897, 7.5, 120.00000090377826,14.700024809242407
6.909999999999897, 7.5, 119.99999909622174,14.699975190757591
6.919999999999897, 7.5, 120.00000090377826,14.700024809242407
6.929999999999897, 7.5, 119.99999909622174,14.699975190757591
6.9399999999998965, 7.5, 120.00000090377826,14.700024809242407
6.949999999999896, 7.5, 119.99999909622174,14.699975190757591
6.959999999999896, 7.5, 120.00000090377826,14.700024809242407
6.969999999999896, 7.5, 119.99999909622174,14.699975190757591
6.979999999999896, 7.5, 120.00000090377826,14.700024809242407
6.989999999999895, 7.5, 119.99999909622174,14.699975190757591
6.999999999999895, 7.5, 120.00000090377826,14.700024809242407
7.009999999999895, 7.5, 119.99999909622174,14.699975190757591
7.019999999999895, 7.5, 120.00000090377826,14.700024809242407
7.0299999999998946, 7.5, 119.99999909622174,14.699975190757591
7.039999999999894, 7.5, 120.00000090377826,14.700024809242407
7.049999999999894, 7.5, 119.99999909622174,14.699975190757591
7.059999999999894, 7.5, 120.00000090377826,14.700024809242407
7.069999999999894, 7.5, 119.99999909622174,14.699975190757591
7.0799999999998935, 7.5, 120.00000090377826,14.700024809242407
7.089999999999893, 7.5, 119.99999909622174,14.699975190757591
7.099999999999893, 7.5, 120.00000090377826,14.700024809242407
7.109999999999893, 7.5, 119.99999909622174,14.699975190757591
7.119999999999893, 7.5, 120.00000090377826,14.700024809242407
7.129999999999892, 7.5, 119.99999909622174,14.699975190757591
7.139999999999892, 7.5, 120.00000090377826,14.700024809242407
7.149999999999892, 7.5, 119.99999909622174,14.699975190757591
7.159999999999892, 7.5, 120.00000090377826,14.700024809242407
7.169999999999892, 7.5, 119.99999909622174,14.699975190757591
7.179999999999891, 7.5, 120.00000090377826,14.700024809242407
7.189999999999891, 7.5, 119.99999909622174,14.699975190757591
7.199999999999891, 7.5, 120.00000090377826,14.700024809242407
7.209999999999891, 7.5, 119.99999909622174,14.699975190757591
7.2199999999998905, 7.5, 120.00000090377826,14.700024809242407
7.22999999999989, 7.5, 119.99999909622174,14.699975190757591
7.23999999999989, 7.5, 120.00000090377826,14.700024809242407
7.24999999999989, 7.5, 119.99999909622174,14.699975190757591
7.25999999999989, 7.5, 120.00000090377826,14.700024809242407
7.269999999999889, 7.5, 119.99999909622174,14.699975190757591
7.279999999999889, 7.5, 120.00000090377826,14.700024809242407
7.289999999999889, 7.5, 119.99999909622174,14.699975190757591
7.299999999999889, 7.5, 120.00000090377826,14.700024809242407
7.309999999999889, 7.5, 119.99999909622174,14.699975190757591
7.319999999999888, 7.5, 120.00000090377826,14.700024809242407
7.329999999999888, 7.5, 119.99999909622174,14.699975190757591
7.339999999999888, 7.5, 120.00000090377826,14.700024809242407
7.349999999999888, 7.5, 119.99999909622174,14.699975190757591
7.3599999999998875, 7.5, 120.00000090377826,14.700024809242407
7.369999999999887, 7.5, 119.99999909622174,14.699975190757591
7.379999999999887, 7.5, 120.00000090377826,14.700024809242407
7.389999999999887, 7.5, 119.99999909622174,14.699975190757591
7.399999999999887, 7.5, 120.00000090377826,14.700024809242407
7.4099999999998865, 7.5, 119.99999909622174,14.699975190757591
7.419999999999886, 7.5, 120.00000090377826,14.700024809242407
7.429999999999886, 7.5, 119.99999909622174,14.699975190757591
7.439999999999886, 7.5, 120.00000090377826,14.700024809242407
7.449999999999886, 7.5, 119.99999909622174,14.699975190757591
7.459999999999885, 7.5, 120.00000090377826,14.700024809242407
7.469999999999885, 7.5, 119.99999909622174,14.699975190757591
7.479999999999885, 7.5, 120.00000090377826,14.700024809242407
7.489999999999885, 7.5, 119.99999909622174,14.699975190757591
7.4999999999998845, 7.5, 120.00000090377826,14.700024809242407
7.509999999999884, 7.5, 119.99999909622174,14.699975190757591
7.519999999999884, 7.5, 120.00000090377826,14.700024809242407
7.529999999999884, 7.5, 119.99999909622174,14.699975190757591
7.539999999999884, 7.5, 120.00000090377826,14.700024809242407
7.5499999999998835, 7.5, 119.99999909622174,14.699975190757591
7.559999999999883, 7.5, 120.00000090377826,14.700024809242407
7.569999999999883, 7.5, 119.99999909622174,14.699975190757591
7.579999999999883, 7.5, 120.00000090377826,14.700024809242407
7.589999999999883, 7.5, 119.99999909622174,14.699975190757591
7.599999999999882, 7.5, 120.00000090377826,14.700024809242407
7.609999999999882, 7.5, 119.99999909622174,14.699975190757591
7.619999999999882, 7.5, 120.00000090377826,14.700024809242407
7.629999999999882, 7.5, 119.99999909622174,14.699975190757591
7.6399999999998816, 7.5, 120.00000090377826,14.700024809242407
7.649999999999881, 7.5, 119.99999909622174,14.699975190757591
7.659999999999881, 7.5, 120.00000090377826,14.700024809242407
7.669999999999881, 7.5, 119.99999909622174,14.699975190757591
7.679999999999881, 7.5, 120.00000090377826,14.700024809242407
7.6899999999998805, 7.5, 119.99999909622174,14.699975190757591
7.69999999999988, 7.5, 120.00000090377826,14.700024809242407
7.70999999999988, 7.5, 119.99999909622174,14.699975190757591
7.71999999999988, 7.5, 120.00000090377826,14.700024809242407
7.72999999999988, 7.5, 119.99999909622174,14.699975190757591
7.739999999999879, 7.5, 120.00000090377826,14.700024809242407
7.749999999999879, 7.5, 119.99999909622174,14.699975190757591
7.759999999999879, 7.5, 120.00000090377826,14.700024809242407
7.769999999999879, 7.5, 119.99999909622174,14.699975190757591
7.779999999999879, 7.5, 120.00000090377826,14.700024809242407
7.789999999999878, 7.5, 119.99999909622174,14.699975190757591
7.799999999999878, 7.5, 120.00000090377826,14.700024809242407
7.809999999999878, 7.5, 119.99999909622174,14.699975190757591
7.819999999999878, 7.5, 120.00000090377826,14.700024809242407
7.8299999999998775, 7.5, 119.99999909622174,14.699975190757591
7.839999999999877, 7.5, 120.00000090377826,14.700024809242407
7.849999999999877, 7.5, 119.99999909622174,14.699975190757591
7.859999999999877, 7.5, 120.00000090377826,14.700024809242407
7.869999999999877, 7.5, 119.99999909622174,14.699975190757591
7.879999999999876, 7.5, 120.00000090377826,14.700024809242407
7.889999999999876, 7.5, 119.99999909622174,14.699975190757591
7.899999999999876, 7.5, 120.00000090377826,14.700024809242407
7.909999999999876, 7.5, 119.99999909622174,14.699975190757591
7.919999999999876, 7.5, 120.00000090377826,14.700024809242407
7.929999999999875, 7.5, 119.99999909622174,14.699975190757591
7.939999999999875, 7.5, 120.00000090377826,14.700024809242407
7.949999999999875, 7.5, 119.99999909622174,14.699975190757591
7.959999999999875, 7.5, 120.00000090377826,14.700024809242407
7.9699999999998745, 7.5, 119.99999909622174,14.699975190757591
7.979999999999874, 7.5, 120.00000090377826,14.700024809242407
7.989999999999874, 7.5, 119.99999909622174,14.699975190757591
7.999999999999874, 7.5, 120.00000090377826,14.700024809242407
8.009999999999874, 7.5, 119.99999909622174,14.699975190757591
8.019999999999873, 7.5, 120.00000090377826,14.700024809242407
8.029999999999873, 7.5, 119.99999909622174,14.699975190757591
8.039999999999873, 7.5, 120.00000090377826,14.700024809242407
8.049999999999873, 7.5, 119.99999909622174,14.699975190757591
8.059999999999873, 7.5, 120.00000090377826,14.700024809242407
8.069999999999872, 7.5, 119.99999909622174,14.699975190757591
8.079999999999872, 7.5, 120.00000090377826,14.700024809242407
8.089999999999872, 7.5, 119.99999909622174,14.699975190757591
8.099999999999872, 7.5, 120.00000090377826,14.700024809242407
8.109999999999872, 7.5, 119.99999909622174,14.699975190757591
8.119999999999871, 7.5, 120.00000090377826,14.700024809242407
8.129999999999871, 7.5, 119.99999909622174,14.699975190757591
8.139999999999871, 7.5, 120.00000090377826,14.700024809242407
8.14999999999987, 7.5, 119.99999909622174,14.699975190757591
8.15999999999987, 7.5, 120.00000090377826,14.700024809242407
8.16999999999987, 7.5, 119.99999909622174,14.699975190757591
8.17999999999987, 7.5, 120.00000090377826,14.700024809242407
8.18999999999987, 7.5, 119.99999909622174,14.699975190757591
8.19999999999987, 7.5, 120.00000090377826,14.700024809242407
8.20999999999987, 7.5, 119.99999909622174,14.699975190757591
8.21999999999987, 7.5, 120.00000090377826,14.700024809242407
8.229999999999869, 7.5, 119.99999909622174,14.699975190757591
8.239999999999869, 7.5, 120.00000090377826,14.700024809242407
8.249999999999869, 7.5, 119.99999909622174,14.699975190757591
8.259999999999868, 7.5, 120.00000090377826,14.700024809242407
8.269999999999868, 7.5, 119.99999909622174,14.699975190757591
8.279999999999868, 7.5, 120.00000090377826,14.700024809242407
8.289999999999868, 7.5, 119.99999909622174,14.699975190757591
8.299999999999867, 7.5, 120.00000090377826,14.700024809242407
8.309999999999867, 7.5, 119.99999909622174,14.699975190757591
8.319999999999867, 7.5, 120.00000090377826,14.700024809242407
8.329999999999867, 7.5, 119.99999909622174,14.699975190757591
8.339999999999867, 7.5, 120.00000090377826,14.700024809242407
8.349999999999866, 7.5, 119.99999909622174,14.699975190757591
8.359999999999866, 7.5, 120.00000090377826,14.700024809242407
8.369999999999866, 7.5, 119.99999909622174,14.699975190757591
8.379999999999866, 7.5, 120.00000090377826,14.700024809242407
8.389999999999866, 7.5, 119.99999909622174,14.699975190757591
8.399999999999865, 7.5, 120.00000090377826,14.700024809242407
8.409999999999865, 7.5, 119.99999909622174,14.699975190757591
8.419999999999865, 7.5, 120.00000090377826,14.700024809242407
8.429999999999865, 7.5, 119.99999909622174,14.699975190757591
8.439999999999864, 7.5, 120.00000090377826,14.700024809242407
8.449999999999864, 7.5, 119.99999909622174,14.699975190757591
8.459999999999864, 7.5, 120.00000090377826,14.700024809242407
8.469999999999864, 7.5, 119.99999909622174,14.699975190757591
8.479999999999864, 7.5, 120.00000090377826,14.700024809242407
8.489999999999863, 7.5, 119.99999909622174,14.699975190757591
8.499999999999863, 7.5, 120.00000090377826,14.700024809242407
8.509999999999863, 7.5, 119.99999909622174,14.699975190757591
8.519999999999863, 7.5, 120.00000090377826,14.700024809242407
8.529999999999863, 7.5, 119.99999909622174,14.699975190757591
8.539999999999862, 7.5, 120.00000090377826,14.700024809242407
8.549999999999862, 7.5, 119.99999909622174,14.699975190757591
8.559999999999862, 7.5, 120.00000090377826,14.700024809242407
8.569999999999862, 7.5, 119.99999909622174,14.699975190757591
8.579999999999862, 7.5, 120.00000090377826,14.700024809242407
8.589999999999861, 7.5, 119.99999909622174,14.699975190757591
8.599999999999861, 7.5, 120.00000090377826,14.700024809242407
8.60999999999986, 7.5, 119.99999909622174,14.699975190757591
8.61999999999986, 7.5, 120.00000090377826,14.700024809242407
8.62999999999986, 7.5, 119.99999909622174,14.699975190757591
8.63999999999986, 7.5, 120.00000090377826,14.700024809242407
8.64999999999986, 7.5, 119.99999909622174,14.699975190757591
8.65999999999986, 7.5, 120.00000090377826,14.700024809242407
8.66999999999986, 7.5, 119.99999909622174,14.699975190757591
8.67999999999986, 7.5, 120.00000090377826,14.700024809242407
8.68999999999986, 7.5, 119.99999909622174,14.699975190757591
8.699999999999859, 7.5, 120.00000090377826,14.700024809242407
8.709999999999859, 7.5, 119.99999909622174,14.699975190757591
8.719999999999859, 7.5, 120.00000090377826,14.700024809242407
8.729999999999858, 7.5, 119.99999909622174,14.699975190757591
8.739999999999858, 7.5, 120.00000090377826,14.700024809242407
8.749999999999858, 7.5, 119.99999909622174,14.699975190757591
8.759999999999858, 7.5, 120.00000090377826,14.700024809242407
8.769999999999857, 7.5, 119.99999909622174,14.699975190757591
8.779999999999857, 7.5, 120.00000090377826,14.700024809242407
8.789999999999857, 7.5, 119.99999909622174,14.699975190757591
8.799999999999857, 7.5, 120.00000090377826,14.700024809242407
8.809999999999857, 7.5, 119.99999909622174,14.699975190757591
8.819999999999856, 7.5, 120.00000090377826,14.700024809242407
8.829999999999856, 7.5, 119.99999909622174,14.699975190757591
8.839999999999856, 7.5, 120.00000090377826,14.700024809242407
8.849999999999856, 7.5, 119.99999909622174,14.699975190757591
8.859999999999856, 7.5, 120.00000090377826,14.700024809242407
8.869999999999855, 7.5, 119.99999909622174,14.699975190757591
8.879999999999855, 7.5, 120.00000090377826,14.700024809242407
8.889999999999855, 7.5, 119.99999909622174,14.699975190757591
8.899999999999855, 7.5, 120.00000090377826,14.700024809242407
8.909999999999854, 7.5, 119.99999909622174,14.699975190757591
8.919999999999854, 7.5, 120.00000090377826,14.700024809242407
8.929999999999854, 7.5, 119.99999909622174,14.699975190757591
8.939999999999854, 7.5, 120.00000090377826,14.700024809242407
8.949999999999854, 7.5, 119.99999909622174,14.699975190757591
8.959999999999853, 7.5, 120.00000090377826,14.700024809242407
8.969999999999853, 7.5, 119.99999909622174,14.699975190757591
8.979999999999853, 7.5, 120.00000090377826,14.700024809242407
8.989999999999853, 7.5, 119.99999909622174,14.699975190757591
8.999999999999853, 7.5, 120.00000090377826,14.700024809242407
9.009999999999852, 7.5, 119.99999909622174,14.699975190757591
9.019999999999852, 7.5, 120.00000090377826,14.700024809242407
9.029999999999852, 7.5, 119.99999909622174,14.699975190757591
9.039999999999852, 7.5, 120.00000090377826,14.700024809242407
9.049999999999851, 7.5, 119.99999909622174,14.699975190757591
9.059999999999851, 7.5, 120.00000090377826,14.700024809242407
9.069999999999851, 7.5, 119.99999909622174,14.699975190757591
9.07999999999985, 7.5, 120.00000090377826,14.700024809242407
9.08999999999985, 7.5, 119.99999909622174,14.699975190757591
9.09999999999985, 7.5, 120.00000090377826,14.700024809242407
9.10999999999985, 7.5, 119.99999909622174,14.699975190757591
9.11999999999985, 7.5, 120.00000090377826,14.700024809242407
9.12999999999985, 7.5, 119.99999909622174,14.699975190757591
9.13999999999985, 7.5, 120.00000090377826,14.700024809242407
9.14999999999985, 7.5, 119.99999909622174,14.699975190757591
9.15999999999985, 7.5, 120.00000090377826,14.700024809242407
9.169999999999849, 7.5, 119.99999909622174,14.699975190757591
9.179999999999849, 7.5, 120.00000090377826,14.700024809242407
9.189999999999849, 7.5, 119.99999909622174,14.699975190757591
9.199999999999848, 7.5, 120.00000090377826,14.700024809242407
9.209999999999848, 7.5, 119.99999909622174,14.699975190757591
9.219999999999848, 7.5, 120.00000090377826,14.700024809242407
9.229999999999848, 7.5, 119.99999909622174,14.699975190757591
9.239999999999847, 7.5, 120.00000090377826,14.700024809242407
9.249999999999847, 7.5, 119.99999909622174,14.699975190757591
9.259999999999847, 7.5, 120.00000090377826,14.700024809242407
9.269999999999847, 7.5, 119.99999909622174,14.699975190757591
9.279999999999847, 7.5, 120.00000090377826,14.700024809242407
9.289999999999846, 7.5, 119.99999909622174,14.699975190757591
9.299999999999846, 7.5, 120.00000090377826,14.700024809242407
9.309999999999846, 7.5, 119.99999909622174,14.699975190757591
9.319999999999846, 7.5, 120.00000090377826,14.700024809242407
9.329999999999846, 7.5, 119.99999909622174,14.699975190757591
9.339999999999845, 7.5, 120.00000090377826,14.700024809242407
9.349999999999845, 7.5, 119.99999909622174,14.699975190757591
9.359999999999845, 7.5, 120.00000090377826,14.700024809242407
9.369999999999845, 7.5, 119.99999909622174,14.699975190757591
9.379999999999844, 7.5, 120.00000090377826,14.700024809242407
9.389999999999844, 7.5, 119.99999909622174,14.699975190757591
9.399999999999844, 7.5, 120.00000090377826,14.700024809242407
9.409999999999844, 7.5, 119.99999909622174,14.699975190757591
9.419999999999844, 7.5, 120.00000090377826,14.700024809242407
9.429999999999843, 7.5, 119.99999909622174,14.699975190757591
9.439999999999843, 7.5, 120.00000090377826,14.700024809242407
9.449999999999843, 7.5, 119.99999909622174,14.699975190757591
9.459999999999843, 7.5, 120.00000090377826,14.700024809242407
9.469999999999843, 7.5, 119.99999909622174,14.699975190757591
9.479999999999842, 7.5, 120.00000090377826,14.700024809242407
9.489999999999842, 7.5, 119.99999909622174,14.699975190757591
9.499999999999842, 7.5, 120.00000090377826,14.700024809242407
9.509999999999842, 7.5, 119.99999909622174,14.699975190757591
9.519999999999841, 7.5, 120.00000090377826,14.700024809242407
9.529999999999841, 7.5, 119.99999909622174,14.699975190757591
9.539999999999841, 7.5, 120.00000090377826,14.700024809242407
9.54999999999984, 7.5, 119.99999909622174,14.699975190757591
9.55999999999984, 7.5, 120.00000090377826,14.700024809242407
9.56999999999984, 7.5, 119.99999909622174,14.699975190757591
9.57999999999984, 7.5, 120.00000090377826,14.700024809242407
9.58999999999984, 7.5, 119.99999909622174,14.699975190757591
9.59999999999984, 7.5, 120.00000090377826,14.700024809242407
9.60999999999984, 7.5, 119.99999909622174,14.699975190757591
9.61999999999984, 7.5, 120.00000090377826,14.700024809242407
9.62999999999984, 7.5, 119.99999909622174,14.699975190757591
9.639999999999839, 7.5, 120.00000090377826,14.700024809242407
9.649999999999839, 7.5, 119.99999909622174,14.699975190757591
9.659999999999838, 7.5, 120.00000090377826,14.700024809242407
9.669999999999838, 7.5, 119.99999909622174,14.699975190757591
9.679999999999838, 7.5, 120.00000090377826,14.700024809242407
9.689999999999838, 7.5, 119.99999909622174,14.699975190757591
9.699999999999838, 7.5, 120.00000090377826,14.700024809242407
9.709999999999837, 7.5, 119.99999909622174,14.699975190757591
9.719999999999837, 7.5, 120.00000090377826,14.700024809242407
9.729999999999837, 7.5, 119.99999909622174,14.699975190757591
9.739999999999837, 7.5, 120.00000090377826,14.700024809242407
9.749999999999837, 7.5, 119.99999909622174,14.699975190757591
9.759999999999836, 7.5, 120.00000090377826,14.700024809242407
9.769999999999836, 7.5, 119.99999909622174,14.699975190757591
9.779999999999836, 7.5, 120.00000090377826,14.700024809242407
9.789999999999836, 7.5, 119.99999909622174,14.699975190757591
9.799999999999836, 7.5, 120.00000090377826,14.700024809242407
9.809999999999835, 7.5, 119.99999909622174,14.699975190757591
9.819999999999835, 7.5, 120.00000090377826,14.700024809242407
9.829999999999835, 7.5, 119.99999909622174,14.699975190757591
9.839999999999835, 7.5, 120.00000090377826,14.700024809242407
9.849999999999834, 7.5, 119.99999909622174,14.699975190757591
9.859999999999834, 7.5, 120.00000090377826,14.700024809242407
9.869999999999834, 7.5, 119.99999909622174,14.699975190757591
9.879999999999834, 7.5, 120.00000090377826,14.700024809242407
9.889999999999834, 7.5, 119.99999909622174,14.699975190757591
9.899999999999833, 7.5, 120.00000090377826,14.700024809242407
9.909999999999833, 7.5, 119.99999909622174,14.699975190757591
9.919999999999833, 7.5, 120.00000090377826,14.700024809242407
9.929999999999833, 7.5, 119.99999909622174,14.699975190757591
9.939999999999833, 7.5, 120.00000090377826,14.700024809242407
9.949999999999832, 7.5, 119.99999909622174,14.699975190757591
9.959999999999832, 7.5, 120.00000090377826,14.700024809242407
9.969999999999832, 7.5, 119.99999909622174,14.699975190757591
9.979999999999832, 7.5, 120.00000090377826,14.700024809242407
9.989999999999831, 7.5, 119.99999909622174,14.699975190757591
9.999999999999831, 7.5, 120.00000090377826,14.700024809242407
