dt = 0.001; Cv = 0.5
0.0, 0.5, 14.7,14.7
0.001, 0.5000204205529054, 56.14649161093327,14.700040024392669
0.002, 0.5000747339740531, 83.8597429276415,14.70014405049554
0.003, 0.5001714606637028, 101.3805312108094,14.700326837869197
0.004, 0.5003155917310429, 111.63762239231721,14.700596206904065
0.005, 0.5005097380983256, 116.9967590827054,14.700955459279996
0.006, 0.5007550301088612, 119.30976665865582,14.70140516635106
0.007, 0.5010517923437594, 119.96540783110278,14.701944487057787
0.008, 0.5014000218133854, 119.94749397523411,14.702572086097636
0.009000000000000001, 0.5017997221749855, 119.94335616580076,14.703286763920309
0.010000000000000002, 0.5022508938493104, 119.93267628749838,14.704087410246574
0.011000000000000003, 0.5027535382654607, 119.92418405561227,14.704972994759224
0.012000000000000004, 0.5033076562636234, 119.91459882749916,14.705942551364211
0.013000000000000005, 0.5039132486533959, 119.90507107770686,14.70699517000653
0.014000000000000005, 0.5045703160488122, 119.89526457744887,14.70812998920739
0.015000000000000006, 0.5052788589204832, 119.88528931509593,14.709346190536046
0.016000000000000007, 0.5060388775874554, 119.8751313795737,14.710642994044731
0.017000000000000008, 0.5068503722231653, 119.86480580247547,14.712019654536608
0.01800000000000001, 0.5077133428576406, 119.85431987583998,14.713475458439857
0.01900000000000001, 0.5086277893799521, 119.84368137422449,14.715009721159914
0.02000000000000001, 0.5095937115402122, 119.83289710241203,14.716621784809544
0.02100000000000001, 0.5106111089513087, 119.82197328024495,14.718311016243414
0.022000000000000013, 0.5116799810903974, 119.81091558447326,14.720076805341225
0.023000000000000013, 0.5128003273001911, 119.79972922537475,14.72191856349621
0.024000000000000014, 0.5139721467900765, 119.78841900447772,14.72383572227528
0.025000000000000015, 0.5151954386370828, 119.77698936358239,14.725827732223777
0.026000000000000016, 0.5164702017867248, 119.76544442604337,14.727894061793357
0.027000000000000017, 0.517796435053738, 119.7537880318621,14.730034196375334
0.028000000000000018, 0.519174137122723, 119.74202376771224,14.732247637425175
0.02900000000000002, 0.5206033065487112, 119.73015499278911,14.734533901666088
0.03000000000000002, 0.522083941757665, 119.7181848611921,14.73689252036187
0.03100000000000002, 0.5236160410469222, 119.70611634140761,14.739323038650527
0.03200000000000002, 0.5251996025855943, 119.69395223335181,14.74182501493164
0.03300000000000002, 0.526834624414927, 119.6816951833474,14.744398020301421
0.03400000000000002, 0.5285211044486292, 119.66934769734104,14.747041638030272
0.035000000000000024, 0.5302590404731772, 119.65691215261502,14.74975546307836
0.036000000000000025, 0.5320484301480999, 119.64439080820377,14.752539101645418
0.037000000000000026, 0.5338892710062504, 119.63178581419075,14.755392170751316
0.03800000000000003, 0.5357815604540669, 119.61909922003447,14.758314297844526
0.03900000000000003, 0.5377252957718285, 119.60633298204718,14.76130512043587
0.04000000000000003, 0.5397204741139084, 119.59348897013356,14.764364285755292
0.04100000000000003, 0.5417670925090283, 119.58056897387883,14.767491450429633
0.04200000000000003, 0.543865147860516, 119.56757470806365,14.770686280179628
0.04300000000000003, 0.5460146369465689, 119.55450781767327,14.773948449534528
0.04400000000000003, 0.5482155564205267, 119.54136988245665,14.777277641562945
0.04500000000000003, 0.5504679028111525, 119.5281624210868,14.780673547618626
0.046000000000000034, 0.5527716725229277, 119.51488689496487,14.784135867100039
0.047000000000000035, 0.5551268618363581, 119.5015447117052,14.787664307222688
0.048000000000000036, 0.557533466908296, 119.48813722833539,14.791258582803303
0.04900000000000004, 0.5599914837722773, 119.47466575423947,14.794918416055005
0.05000000000000004, 0.5625009083388749, 119.46113155386968,14.798643536392708
0.05100000000000004, 0.5650617363960695, 119.44753584925,14.802433680248042
0.05200000000000004, 0.5676739636096383, 119.43387982229027,14.806288590893198
0.05300000000000004, 0.5703375855235621, 119.42016461692951,14.810208018273075
0.05400000000000004, 0.573052597560451, 119.4063913411236,14.814191718845231
0.05500000000000004, 0.5758189950219894, 119.39256106869138,14.818239455427134
0.05600000000000004, 0.5786367730893996, 119.37867484103174,14.822350997050295
0.057000000000000044, 0.5815059268239257, 119.36473366872293,14.826526118820821
0.058000000000000045, 0.5844264511673353, 119.35073853301397,14.830764601786074
0.059000000000000045, 0.5873983409424421, 119.33669038721713,14.835066232807023
0.060000000000000046, 0.5904215908536466, 119.32259015801016,14.83943080443603
0.06100000000000005, 0.5934961954874954, 119.30843874665476,14.843858114799719
0.06200000000000005, 0.5966221493132601, 119.29423703013849,14.84834796748668
0.06300000000000004, 0.5997994466835332, 119.27998586224618,14.85290017143974
0.06400000000000004, 0.6030280818348437, 119.26568607456585,14.857514540852561
0.06500000000000004, 0.606308048888288, 119.25133847743443,14.862190895070365
0.06600000000000004, 0.6096393418501799, 119.23694386082767,14.866929058494529
0.06700000000000005, 0.6130219546127156, 119.22250299519851,14.871728860490935
0.06800000000000005, 0.616455880954656, 119.20801663226729,14.876590135301782
0.06900000000000005, 0.6199411145420237, 119.19348550576764,14.881512721960828
0.07000000000000005, 0.6234776489288154, 119.1789103321509,14.88649646421178
0.07100000000000005, 0.6270654775577283, 119.16429181125208,14.891541210429754
0.07200000000000005, 0.6307045937609008, 119.14963062692003,14.89664681354565
0.07300000000000005, 0.6343949907606657, 119.13492744761395,14.901813130973325
0.07400000000000005, 0.6381366616703166, 119.12018292696902,14.907040024539377
0.07500000000000005, 0.6419295994948856, 119.10539770433256,14.912327360415533
0.07600000000000005, 0.6457737971319326, 119.09057240527318,14.917675009053424
0.07700000000000005, 0.6496692473723451, 119.07570764206424,14.923082845121732
0.07800000000000006, 0.6536159429011478, 119.06080401414343,14.92855074744554
0.07900000000000006, 0.6576138762983215, 119.04586210855015,14.93407859894786
0.08000000000000006, 0.6616630400396308, 119.03088250034158,14.939666286593187
0.08100000000000006, 0.6657634264974599, 119.01586575298901,14.94531370133306
0.08200000000000006, 0.6699150279416547, 119.00081241875606,14.951020738053511
0.08300000000000006, 0.6741178365403727, 118.98572303905878,14.956787295524332
0.08400000000000006, 0.6783718443609387, 118.97059814480987,14.962613276350131
0.08500000000000006, 0.6826770433707051, 118.95543825674713,14.968498586923047
0.08600000000000006, 0.6870334254379179, 118.94024388574752,14.974443137377126
0.08700000000000006, 0.6914409823325863, 118.92501553312714,14.980446841544252
0.08800000000000006, 0.6958997057273563, 118.90975369092865,14.986509616911599
0.08900000000000007, 0.700409587198386, 118.8944588421962,14.992631384580557
0.09000000000000007, 0.7049706182262253, 118.87913146123861,14.998812069227046
0.09100000000000007, 0.7095827901966957, 118.8637720138819,15.005051599063242
0.09200000000000007, 0.7142460944017714, 118.84838095771133,15.011349905800563
0.09300000000000007, 0.7189605220404627, 118.83295874230346,15.01770692461399
0.09400000000000007, 0.7237260642196971, 118.8175058094491,15.024122594107581
0.09500000000000007, 0.7285427119552025, 118.80202259336728,15.0305968562812
0.09600000000000007, 0.7334104561723875, 118.78650952091105,15.037129656498402
0.09700000000000007, 0.7383292877072218, 118.7709670117651,15.043720943455451
0.09800000000000007, 0.7432991973071139, 118.75539547863579,15.050370669151386
0.09900000000000007, 0.7483201756317871, 118.73979532743442,15.057078788859219
0.10000000000000007, 0.7533922132541523, 118.72416695745322,15.063845261098058
0.10100000000000008, 0.758515300661178, 118.708510761535,15.070670047606328
0.10200000000000008, 0.7636894282547568, 118.69282712623672,15.07755311331589
0.10300000000000008, 0.7689145863525678, 118.67711643198705,15.084494426327105
0.10400000000000008, 0.7741907651889345, 118.66137905323838,15.091493957884861
0.10500000000000008, 0.7795179549156784, 118.64561535861344,15.098551682355435
0.10600000000000008, 0.7848961456029677, 118.62982571104692,15.105667577204251
0.10700000000000008, 0.79032532724016, 118.61401046792206,15.112841622974468
0.10800000000000008, 0.7958054897366401, 118.59816998120273,15.120073803266406
0.10900000000000008, 0.8013366229226511, 118.58230459756115,15.127364104717756
0.11000000000000008, 0.8069187165501199, 118.56641465850092,15.134712516984576
0.11100000000000008, 0.812551760293476, 118.55050050047672,15.14211903272307
0.11200000000000009, 0.818235743750463, 118.53456245500938,15.149583647572074
0.11300000000000009, 0.8239706564429442, 118.51860084879786,15.1571063601363
0.11400000000000009, 0.8297564878176996, 118.50261600382711,15.164687171970296
0.11500000000000009, 0.8355932272472164, 118.48660823747318,15.172326087563066
0.11600000000000009, 0.8414808640304715, 118.47057786260433,15.18002311432341
0.11700000000000009, 0.8474193873937061, 118.45452518767962,15.187778262565889
0.11800000000000009, 0.8534087864911927, 118.4384505168441,15.195591545497505
0.11900000000000009, 0.8594490504059926, 118.42235415002146,15.203462979204934
0.12000000000000009, 0.8655401681507071, 118.40623638300355,15.211392582642471
0.1210000000000001, 0.8716821286682181, 118.39009750753748,15.219380377620531
0.1220000000000001, 0.8778749208324217, 118.37393781141016,15.227426388794788
0.1230000000000001, 0.8841185334489519, 118.3577575785303,15.235530643655855
0.1240000000000001, 0.8904129552558958, 118.34155708900813,15.243693172519627
0.12500000000000008, 0.8967581749245006, 118.32533661923281,15.251914008518119
0.12600000000000008, 0.90315418105987, 118.30909644194759,15.260193187590906
0.12700000000000009, 0.9096009622016528, 118.292836826323,15.268530748477104
0.12800000000000009, 0.9160985068247215, 118.276558038028,15.276926732707896
0.1290000000000001, 0.9226468033398423, 118.26026033929914,15.28538118459959
0.1300000000000001, 0.929245840094335, 118.24394398900768,15.293894151247216
0.1310000000000001, 0.9358956053727239, 118.22760924272532,15.302465682518616
0.1320000000000001, 0.9425960873973793, 118.21125635278776,15.311095831049096
0.1330000000000001, 0.9493472743291498, 118.19488556835677,15.319784652236528
0.1340000000000001, 0.9561491542679842, 118.1784971354807,15.328532204236982
0.1350000000000001, 0.963001715253545, 118.16209129715311,15.337338547960854
0.1360000000000001, 0.969904945265812, 118.14566829337043,15.346203747069463
0.1370000000000001, 0.9768588322256754, 118.12922836118753,15.355127867972147
0.1380000000000001, 0.9838633639955214, 118.1127717347724,15.364110979823817
0.1390000000000001, 0.9909185283798067, 118.0962986454591,15.373153154523012
0.1400000000000001, 0.9980243131256233, 118.07980932179959,15.382254466710384
0.1410000000000001, 1.0051807059232556, 118.06330398961424,15.391414993767663
0.1420000000000001, 1.0123876944067263, 118.04678287204102,15.40063481581711
0.1430000000000001, 1.0196452661543332, 118.03024618958366,15.409914015721345
0.1440000000000001, 1.0269534086891774, 118.01369416015851,15.419252679083721
0.1450000000000001, 1.0343121094796817, 117.9971269991402,15.42865089424907
0.1460000000000001, 1.0417213559400986, 117.98054491940663,15.438108752304936
0.1470000000000001, 1.049181135431011, 117.96394813138228,15.447626347083235
0.1480000000000001, 1.0566914352598222, 117.94733684308103,15.457203775162343
0.1490000000000001, 1.0642522426812373, 117.93071126014777,15.466841135869647
0.1500000000000001, 1.071863544897735, 117.91407158589907,15.476538531284488
0.1510000000000001, 1.0795253290600304, 117.89741802136291,15.486296066241591
0.1520000000000001, 1.08723758226753, 117.8807507653175,15.49611384833486
0.1530000000000001, 1.0950002915687755, 117.86407001432936,15.505991987921657
0.1540000000000001, 1.1028134439618809, 117.84737596279032,15.515930598127488
0.1550000000000001, 1.1106770263949588, 117.83066880295382,15.525929794851086
0.1560000000000001, 1.1185910257665395, 117.8139487249706,15.535989696769956
0.1570000000000001, 1.1265554289259805, 117.79721591692315,15.546110425346347
0.1580000000000001, 1.1345702226738676, 117.78047056485991,15.556292104833588
0.1590000000000001, 1.1426353937624079, 117.7637128528283,15.566534862282923
0.16000000000000011, 1.1507509288958129, 117.74694296290747,15.576838827550716
0.16100000000000012, 1.1589168147306752, 117.73016107523983,15.587204133306088
0.16200000000000012, 1.167133037876335, 117.71336736806252,15.597630915038977
0.16300000000000012, 1.1753995848952392, 117.69656201773772,15.608119311068641
0.16400000000000012, 1.1837164423032929, 117.67974519878257,15.618669462552537
0.16500000000000012, 1.1920835965702008, 117.66291708389834,15.629281513495652
0.16600000000000012, 1.200501034119803, 117.64607784399922,15.63995561076027
0.16700000000000012, 1.2089687413304013, 117.62922764824019,15.650691904076119
0.16800000000000012, 1.2174867045350777, 117.61236666404467,15.66149054605099
0.16900000000000012, 1.2260549100220055, 117.5954950571313,15.672351692181739
0.17000000000000012, 1.2346733440347528, 117.57861299154044,15.683275500865742
0.17100000000000012, 1.243341992772578, 117.56172062965996,15.694262133412783
0.17200000000000013, 1.2520608423907176, 117.54481813225057,15.705311754057346
0.17300000000000013, 1.2608298790006671, 117.5279056584707,15.71642452997136
0.17400000000000013, 1.269649088670454, 117.5109833659009,15.72760063127736
0.17500000000000013, 1.2785184574249029, 117.49405141056761,15.738840231062117
0.17600000000000013, 1.2874379712458954, 117.47710994696668,15.750143505390646
0.17700000000000013, 1.2964076160726206, 117.46015912808619,15.76151063332073
0.17800000000000013, 1.3054273778018193, 117.44319910542914,15.772941796917808
0.17900000000000013, 1.3144972422880215, 117.4262300290355,15.784437181270384
0.18000000000000013, 1.3236171953437763, 117.40925204750383,15.79599697450581
0.18100000000000013, 1.3327872227398765, 117.39226530801253,15.807621367806584
0.18200000000000013, 1.3420073102055734, 117.37526995634087,15.81931055542707
0.18300000000000013, 1.3512774434287884, 117.3582661368893,15.831064734710656
0.18400000000000014, 1.3605976080563156, 117.34125399269962,15.842884106107434
0.18500000000000014, 1.3699677896940181, 117.32423366547472,15.85476887319228
0.18600000000000014, 1.3793879739070187, 117.30720529559794,15.86671924268344
0.18700000000000014, 1.388858146219884, 117.29016902215211,15.878735424461572
0.18800000000000014, 1.3983782921168004, 117.27312498293823,15.890817631589274
0.18900000000000014, 1.4079483970417477, 117.25607331449372,15.902966080331087
0.19000000000000014, 1.4175684463986613, 117.23901415211057,15.915180990173978
0.19100000000000014, 1.427238425551593, 117.22194762985289,15.92746258384833
0.19200000000000014, 1.4369583198248628, 117.20487388057445,15.939811087349401
0.19300000000000014, 1.4467281145032056, 117.18779303593563,15.9522267299593
0.19400000000000014, 1.4565477948319123, 117.17070522642017,15.96470974426947
0.19500000000000015, 1.4664173460169645, 117.1536105813518,15.977260366203652
0.19600000000000015, 1.4763367532251634, 117.13650922891028,15.989878835041413
0.19700000000000015, 1.4863060015842533, 117.11940129614747,16.00256539344213
0.19800000000000015, 1.496325076183039, 117.10228690900284,16.015320287469567
0.19900000000000015, 1.506393962071498, 117.0851661923189,16.028143766616946
0.20000000000000015, 1.5165126442608865, 117.06803926985634,16.04103608383253
0.20100000000000015, 1.5266811077238411, 117.05090626430888,16.053997495545833
0.20200000000000015, 1.5368993373944735, 117.03376729731791,16.067028261694286
0.20300000000000015, 1.54716731816846, 117.01662248948686,16.08012864575055
0.20400000000000015, 1.5574850349031277, 116.99947196039528,16.093298914750285
0.20500000000000015, 1.5678524724175325, 116.98231582861283,16.10653933932063
0.20600000000000016, 1.5782696154925335, 116.96515421171293,16.119850193709112
0.20700000000000016, 1.5887364488708628, 116.94798722628614,16.133231755813274
0.20800000000000016, 1.5992529572571883, 116.93081498795354,16.146684307210798
0.20900000000000016, 1.6098191253181726, 116.9136376113796,16.16020813319029
0.21000000000000016, 1.6204349376825269, 116.89645521028515,16.173803522782645
0.21100000000000016, 1.6311003789410596, 116.87926789745993,16.187470768793037
0.21200000000000016, 1.64181543364672, 116.86207578477487,16.201210167833548
0.21300000000000016, 1.6525800863146365, 116.84487898319462,16.215022020356415
0.21400000000000016, 1.6633943214221518, 116.82767760278925,16.22890663068792
0.21500000000000016, 1.674258123408851, 116.81047175274632,16.24286430706296
0.21600000000000016, 1.685171476676586, 116.79326154138242,16.25689536166024
0.21700000000000016, 1.6961343655894956, 116.77604707615467,16.271000110638184
0.21800000000000017, 1.7071467744740203, 116.7588284636721,16.28517887417149
0.21900000000000017, 1.718208687618912, 116.7416058097067,16.29943197648838
0.22000000000000017, 1.7293200892752398, 116.72437921920447,16.3137597459086
0.22100000000000017, 1.7404809636563918, 116.70714879629607,16.32816251488207
0.22200000000000017, 1.75169129493807, 116.68991464430768,16.342640620028295
0.22300000000000017, 1.762951067258284, 116.67267686577128,16.357194402176514
0.22400000000000017, 1.7742602647173367, 116.65543556243517,16.37182420640658
0.22500000000000017, 1.7856188713778087, 116.63819083527397,16.386530382090598
0.22600000000000017, 1.797026871264536, 116.62094278449881,16.401313282935366
0.22700000000000017, 1.8084842483645844, 116.60369150956706,16.41617326702556
0.22800000000000017, 1.819990986627219, 116.58643710919225,16.43111069686773
0.22900000000000018, 1.83154706996387, 116.56917968135356,16.446125939435124
0.23000000000000018, 1.8431524822480938, 116.55191932330534,16.461219366213307
0.23100000000000018, 1.8548072073155288, 116.5346561315864,16.47639135324662
0.23200000000000018, 1.8665112289638492, 116.51739020202935,16.491642281185513
0.23300000000000018, 1.8782645309527126, 116.50012162976948,16.50697253533472
0.23400000000000018, 1.8900670970037037, 116.48285050925391,16.522382505702325
0.23500000000000018, 1.9019189108002743, 116.46557693425028,16.5378725870497
0.23600000000000018, 1.9138199559876794, 116.4483009978556,16.553443178942388
0.23700000000000018, 1.9257702161729078, 116.43102279250468,16.569094685801883
0.23800000000000018, 1.9377696749246094, 116.41374240997884,16.58482751695836
0.23900000000000018, 1.9498183157730191, 116.39645994141402,16.600642086704376
0.24000000000000019, 1.9619161222098747, 116.37917547730936,16.616538814349514
0.2410000000000002, 1.974063077688332, 116.36188910753494,16.63251812427606
0.2420000000000002, 1.9862591656228754, 116.34460092134023,16.648580445995655
0.2430000000000002, 1.9985043693892255, 116.32731100736177,16.66472621420699
0.2440000000000002, 2.01079867232424, 116.31001945363113,16.680955868854547
0.2450000000000002, 2.023142057725813, 116.2927263475826,16.697269855188406
0.2460000000000002, 2.035534508852769, 116.27543177606093,16.713668623825125
0.2470000000000002, 2.0479760089247536, 116.25813582532871,16.730152630809766
0.2480000000000002, 2.060466541122119, 116.24083858107403,16.746722337678978
0.2490000000000002, 2.0730060885858066, 116.22354012841768,16.763378211525282
0.25000000000000017, 2.0855946344172254, 116.20624055192047,16.78012072506251
0.25100000000000017, 2.0982321616781245, 116.18893993559053,16.796950356692424
0.25200000000000017, 2.110918653390465, 116.17163836289022,16.813867590572556
0.25300000000000017, 2.123654092536285, 116.15433591674332,16.830872916685276
0.25400000000000017, 2.1364384620575603, 116.13703267954185,16.84796683090813
0.25500000000000017, 2.1492717448560636, 116.11972873315307,16.865149835085454
0.25600000000000017, 2.1621539237932184, 116.10242415892604,16.882422437101294
0.2570000000000002, 2.1750849816899476, 116.08511903769855,16.899785150953672
0.2580000000000002, 2.1880649013265194, 116.06781344980351,16.917238496830194
0.2590000000000002, 2.2010936654423894, 116.05050747507572,16.934783001185053
0.2600000000000002, 2.2141712567360363, 116.0332011928583,16.952419196817452
0.2610000000000002, 2.2272976578647974, 116.01589468200893,16.97014762295146
0.2620000000000002, 2.2404728514446957, 115.99858802090644,16.98796882531733
0.2630000000000002, 2.2536968200502665, 115.98128128745682,17.005883356234364
0.2640000000000002, 2.2669695462143777, 115.96397455909968,17.02389177469522
0.2650000000000002, 2.280291012428046, 115.94666791281418,17.041994646451865
0.2660000000000002, 2.293661201140251, 115.92936142512524,17.060192544103092
0.2670000000000002, 2.3070800947577417, 115.91205517210946,17.078486047183635
0.2680000000000002, 2.320547675644842, 115.89474922940119,17.09687574225498
0.2690000000000002, 2.3340639261232514, 115.87744367219827,17.115362222997863
0.2700000000000002, 2.3476288284718385, 115.860138575268,17.133946090306466
0.2710000000000002, 2.3612423649264342, 115.84283401295286,17.15262795238441
0.2720000000000002, 2.3749045176796195, 115.82553005917622,17.171408424842546
0.2730000000000002, 2.3886152688805065, 115.80822678744805,17.190288130798567
0.2740000000000002, 2.402374600634519, 115.79092427087049,17.209267700978494
0.2750000000000002, 2.4161824950031656, 115.77362258214346,17.228347773820104
0.2760000000000002, 2.43003893400381, 115.75632179357015,17.247528995578314
0.2770000000000002, 2.4439438996094367, 115.73902197706249,17.26681202043253
0.2780000000000002, 2.457897373748412, 115.72172320414657,17.28619751059607
0.2790000000000002, 2.471899338304241, 115.70442554596798,17.30568613642768
0.2800000000000002, 2.485949775115319, 115.6871290732972,17.32527857654516
0.2810000000000002, 2.500048665974679, 115.6698338565348,17.344975517941155
0.2820000000000002, 2.5141959926297366, 115.65253996571677,17.364777656101232
0.2830000000000002, 2.528391736782027, 115.63524747051962,17.384685695124166
0.2840000000000002, 2.5426358800869386, 115.61795644026556,17.404700347844596
0.2850000000000002, 2.5569284041534437, 115.60066694392768,17.424822335958016
0.2860000000000002, 2.571269290543822, 115.58337905013492,17.445052390148245
0.2870000000000002, 2.58565852077338, 115.5660928271772,17.465391250217344
0.2880000000000002, 2.6000960763101673, 115.54880834301036,17.485839665218087
0.2890000000000002, 2.614581938574686, 115.53152566526113,17.506398393589034
0.2900000000000002, 2.629116088939596, 115.51424486123203,17.527068203292224
0.2910000000000002, 2.6436985087294156, 115.4969659979064,17.547849871953655
0.2920000000000002, 2.6583291792202166, 115.47968914195309,17.568744187006455
0.2930000000000002, 2.6730080816393156, 115.46241435973138,17.589751945836966
0.2940000000000002, 2.6877351971649586, 115.44514171729577,17.61087395593371
0.2950000000000002, 2.7025105069260014, 115.42787128040074,17.632111035039312
0.2960000000000002, 2.717333992001585, 115.41060311450549,17.653464011305488
0.2970000000000002, 2.732205633420805, 115.39333728477862,17.674933723451158
0.2980000000000002, 2.747125412162377, 115.37607385610292,17.696521020923708
0.2990000000000002, 2.762093309154295, 115.35881289307994,17.718226764063548
0.3000000000000002, 2.7771093052734863, 115.3415544600346,17.740051824272022
0.3010000000000002, 2.7921733813454583, 115.32429862101992,17.76199708418268
0.3020000000000002, 2.8072855181439436, 115.30704543982145,17.78406343783611
0.3030000000000002, 2.8224456963905356, 115.28979497996198,17.806251790858333
0.3040000000000002, 2.8376538967543206, 115.27254730470605,17.82856306064286
0.3050000000000002, 2.8529100998515045, 115.25530247706439,17.850998176536528
0.3060000000000002, 2.8682142862450326, 115.2380605597985,17.87355808002917
0.3070000000000002, 2.8835664364442035, 115.22082161542514,17.896243724947247
0.3080000000000002, 2.8989665309042776, 115.2035857062208,17.919056077651508
0.3090000000000002, 2.9144145500260805, 115.18635289422612,17.941996117238794
0.3100000000000002, 2.9299104741555984, 115.16912324125032,17.965064835748095
0.3110000000000002, 2.9454542835835684, 115.15189680887566,17.988263238370955
0.3120000000000002, 2.9610459585450624, 115.13467365846188,18.011592343666308
0.3130000000000002, 2.976685479219065, 115.11745385115049,18.03505318377993
0.3140000000000002, 2.992372825728045, 115.10023744786926,18.058646804668548
0.3150000000000002, 3.008107978137519, 115.08302450933655,18.08237426632874
0.3160000000000002, 3.02389091645561, 115.06581509606566,18.106236643030783
0.3170000000000002, 3.039721620632599, 115.04860926836923,18.130235023557542
0.3180000000000002, 3.0556000705604713, 115.03140708636353,18.154370511448537
0.31900000000000023, 3.0715262460724504, 115.01420860997283,18.178644225249315
0.32000000000000023, 3.087500126942532, 114.99701389893376,18.203057298766318
0.32100000000000023, 3.103521692885007, 114.9798230127996,18.22761088132725
0.32200000000000023, 3.119590923553978, 114.96263601094458,18.252306138047278
0.32300000000000023, 3.1357077985428674, 114.94545295256827,18.27714425010106
0.32400000000000023, 3.151872297383922, 114.92827389669985,18.302126415000853
0.32500000000000023, 3.1680843995477046, 114.91109890220244,18.327253846880783
0.32600000000000023, 3.184344084442582, 114.89392802777745,18.352527776787518
0.32700000000000023, 3.2006513314142047, 114.87676133196881,18.377949452977457
0.32800000000000024, 3.217006119744976, 114.85959887316736,18.403520141220653
0.32900000000000024, 3.2334084286535183, 114.84244070961518,18.429241125111588
0.33000000000000024, 3.2498582372941254, 114.82528689940983,18.455113706387067
0.33100000000000024, 3.2663555247562104, 114.80813750050878,18.48113920525137
0.33200000000000024, 3.282900270063745, 114.7909925707337,18.507318960708876
0.33300000000000024, 3.2994924521746873, 114.77385216777478,18.533654330904337
0.33400000000000024, 3.3161320499804066, 114.75671634919505,18.560146693471104
0.33500000000000024, 3.3328190423050925, 114.73958517243487,18.586797445887356
0.33600000000000024, 3.3495534079051605, 114.7224586948162,18.61360800584077
0.33700000000000024, 3.366335125468646, 114.70533697354689,18.640579811601683
0.33800000000000024, 3.3831641736145897, 114.68822006572528,18.667714322405054
0.33900000000000025, 3.4000405308924133, 114.67110802834443,18.695013018841543
0.34000000000000025, 3.4169641757812865, 114.65400091829663,18.722477403257834
0.34100000000000025, 3.433935086689483, 114.63689879237774,18.75010900016656
0.34200000000000025, 3.4509532419537283, 114.61980170729176,18.777909356666072
0.34300000000000025, 3.4680186198385345, 114.60270971965512,18.805880042870346
0.34400000000000025, 3.4851311985355284, 114.58562288600145,18.83402265234929
0.34500000000000025, 3.502290956162768, 114.56854126278571,18.862338802579842
0.34600000000000025, 3.519497870764046, 114.55146490638906,18.89083013540802
0.34700000000000025, 3.5367519203081863, 114.53439387312315,18.919498317522418
0.34800000000000025, 3.5540530826883265, 114.51732821923488,18.94834504093935
0.34900000000000025, 3.571401335721191, 114.50026800091085,18.977372023500063
0.35000000000000026, 3.5887966571463523, 114.48321327428212,19.006581009380366
0.35100000000000026, 3.60623902462548, 114.46616409542868,19.035973769613033
0.35200000000000026, 3.623728415741578, 114.44912052038433,19.065552102623325
0.35300000000000026, 3.641264807998211, 114.43208260514123,19.095317834778143
0.35400000000000026, 3.6588481788187184, 114.4150504056548,19.125272820949117
0.35500000000000026, 3.676478505545413, 114.39802397784821,19.155418945090087
0.35600000000000026, 3.694155765438771, 114.38100337761755,19.18575812082946
0.35700000000000026, 3.7118799356766057, 114.36398866083644,19.216292292077828
0.35800000000000026, 3.729650993353231, 114.34697988336092,19.24702343365139
0.35900000000000026, 3.7474689154786085, 114.32997710103453,19.27795355191164
0.36000000000000026, 3.765333678977482, 114.31298036969302,19.309084685421844
0.36100000000000027, 3.783245260688498, 114.29598974516959,19.340418905620773
0.36200000000000027, 3.8012036373633133, 114.27900528329985,19.37195831751437
0.36300000000000027, 3.819208785665685, 114.2620270399269,19.403705060385782
0.36400000000000027, 3.8372606821705477, 114.24505507090643,19.435661308524438
0.36500000000000027, 3.8553593033630746, 114.22808943211199,19.46782927197476
0.36600000000000027, 3.8735046256377244, 114.21113017944025,19.500211197305116
0.36700000000000027, 3.891696625297271, 114.19417736881614,19.532809368397736
0.36800000000000027, 3.9099352785518167, 114.17723105619845,19.56562610726017
0.36900000000000027, 3.9282205615177914, 114.16029129758498,19.598663774859183
0.3700000000000003, 3.946552450216931, 114.14335814901813,19.631924771977594
0.3710000000000003, 3.964930920575243, 114.12643166659046,19.66541154009502
0.3720000000000003, 3.9833559484219507, 114.10951190645024,19.699126562293216
0.3730000000000003, 4.001827509488423, 114.09259892480702,19.7330723641869
0.3740000000000003, 4.02034557940708, 114.07569277793755,19.767251514880854
0.3750000000000003, 4.038910133710291, 114.05879352219134,19.80166662795429
0.3760000000000003, 4.057521147829238, 114.04190121399677,19.83632036247334
0.3770000000000003, 4.076178597092775, 114.02501590986678,19.87121542403269
0.3780000000000003, 4.094882456726255, 114.00813766640505,19.90635456582729
0.3790000000000003, 4.113632701850346, 113.99126654031204,19.941740589755295
0.3800000000000003, 4.132429307479819, 113.97440258839123,19.97737634755327
0.3810000000000003, 4.151272248522319, 113.95754586755525,20.013264741964793
0.3820000000000003, 4.170161499777112, 113.94069643483235,20.049408727943636
0.3830000000000003, 4.1890970359338136, 113.92385434737281,20.085811313892833
0.3840000000000003, 4.208078831571086, 113.90701966245544,20.12247556294082
0.3850000000000003, 4.227106861155323, 113.89019243749428,20.159404594256042
0.3860000000000003, 4.246181099039302, 113.87337273004526,20.19660158440144
0.3870000000000003, 4.265301519460817, 113.85656059781306,20.234069768730212
0.3880000000000003, 4.284468096541282, 113.83975609865807,20.271812442824455
0.3890000000000003, 4.303680804284316, 113.82295929060341,20.3098329639782
0.3900000000000003, 4.322939616574295, 113.80617023184206,20.34813475272653
0.3910000000000003, 4.3422445071748745, 113.78938898074428,20.38672129442248
0.3920000000000003, 4.361595449727498, 113.77261559586488,20.425596140863597
0.3930000000000003, 4.380992417749864, 113.75585013595074,20.464762911969938
0.3940000000000003, 4.400435384634369, 113.73909265994851,20.50422529751553
0.3950000000000003, 4.419924323646521, 113.72234322701246,20.54398705891538
0.3960000000000003, 4.439459207923325, 113.70560189651223,20.58405203107012
0.3970000000000003, 4.459040010471632, 113.68886872804111,20.624424124270536
0.3980000000000003, 4.478666704166463, 113.67214378142404,20.66510732616441
0.3990000000000003, 4.498339261749293, 113.65542711672605,20.706105703788023
0.4000000000000003, 4.518057655826306, 113.63871879426092,20.747423405664954
0.4010000000000003, 4.537821858866619, 113.62201887459962,20.7890646639749
0.4020000000000003, 4.557631843200463, 113.60532741857928,20.83103379679523
0.4030000000000003, 4.577487581017333, 113.58864448731222,20.87333521041828
0.4040000000000003, 4.597389044364102, 113.57197014219507,20.91597340174758
0.4050000000000003, 4.617336205143093, 113.55530444491819,20.95895296077601
0.4060000000000003, 4.637329035110112, 113.53864745747518,21.002278573149557
0.4070000000000003, 4.6573675058724495, 113.52199924217274,21.04595502282002
0.4080000000000003, 4.677451588886829, 113.50535986164049,21.089987194790556
0.4090000000000003, 4.697581255457321, 113.48872937884124,21.13438007795784
0.4100000000000003, 4.7177564767332125, 113.47210785708134,21.17913876805509
0.4110000000000003, 4.73797722370683, 113.45549536002122,21.224268470700196
0.4120000000000003, 4.758243467211318, 113.4388919516863,21.269774504553496
0.4130000000000003, 4.778555177918372, 113.42229769647803,21.31566230459003
0.4140000000000003, 4.798912326335922, 113.40571265918518,21.3619374254912
0.4150000000000003, 4.819314882805765, 113.38913690499542,21.40860554516114
0.4160000000000003, 4.839762817501146, 113.3725704995072,21.455672468373418
0.4170000000000003, 4.860256100424295, 113.3560135087417,21.50314413055374
0.4180000000000003, 4.880794701403897, 113.33946599915532,21.551026601704958
0.4190000000000003, 4.901378590092513, 113.32292803765237,21.59932609048076
0.4200000000000003, 4.922007735963951, 113.30639969159799,21.648048948414875
0.4210000000000003, 4.942682108310563, 113.28988102883132,21.697201674313007
0.4220000000000003, 4.963401676240493, 113.27337211767932,21.74679091881499
0.4230000000000003, 4.98416640867486, 113.25687302697051,21.796823489135246
0.4240000000000003, 5.004976274344877, 113.24038382604932,21.847306353989907
0.4250000000000003, 5.025831241788897, 113.22390458479076,21.898246648719496
0.4260000000000003, 5.046731279349404, 113.20743537361528,21.949651680616604
0.4270000000000003, 5.067676355169926, 113.19097626350431,22.00152893446845
0.4280000000000003, 5.08866643719187, 113.1745273260159,22.053886078324805
0.4290000000000003, 5.109701493151297, 113.15808863330102,22.106730969502415
0.4300000000000003, 5.130781490575607, 113.1416602581201,22.160071660837616
0.4310000000000003, 5.1519063967801495, 113.12524227386007,22.213916407199566
0.43200000000000033, 5.173076178864756, 113.10883475455194,22.268273672277267
0.43300000000000033, 5.194290803710181, 113.09243777488871,22.32315213565429
0.43400000000000033, 5.215550237974457, 113.07605141024395,22.378560700185947
0.43500000000000033, 5.236854448089169, 113.05967573669064,22.43450849969463
0.43600000000000033, 5.258203400255619, 113.04331083102079,22.491004906999883
0.43700000000000033, 5.279597060440911, 113.0269567707655,22.548059542300823
0.43800000000000033, 5.301035394373924, 113.01061363421559,22.605682281929656
0.43900000000000033, 5.3225183675411945, 112.99428150044282,22.66388326749627
0.44000000000000034, 5.344045945182679, 112.97796044932178,22.722672915444896
0.44100000000000034, 5.365618092287419, 112.96165056155229,22.782061927045465
0.44200000000000034, 5.387234773589085, 112.9453519186827,22.84206129884357
0.44300000000000034, 5.408895953561405, 112.92906460313364,22.902682333594573
0.44400000000000034, 5.430601596413476, 112.91278869822261,22.963936651708952
0.44500000000000034, 5.452351666084939, 112.8965242881894,23.02583620323796
0.44600000000000034, 5.4741461262410365, 112.88027145822204,23.088393280430456
0.44700000000000034, 5.495984940267522, 112.86403029448388,23.15162053089386
0.44800000000000034, 5.517868071265441, 112.84780088414124,23.215530971394614
0.44900000000000034, 5.539795482045759, 112.83158331539214,23.28013800233556
0.45000000000000034, 5.5617671351238425, 112.81537767749589,23.345455422950828
0.45100000000000035, 5.583782992713784, 112.7991840608035,23.41149744726106
0.45200000000000035, 5.605843016722562, 112.78300255678934,23.478278720835245
0.45300000000000035, 5.627947168744036, 112.76683325808371,23.545814338408658
0.45400000000000035, 5.650095410052765, 112.75067625850645,23.61411986240978
0.45500000000000035, 5.672287701597646, 112.73453165310177,23.683211342453312
0.45600000000000035, 5.694524003995362, 112.71839953817424,23.753105335860234
0.45700000000000035, 5.716804277523638, 112.70228001132607,23.823818929270605
0.45800000000000035, 5.739128482114286, 112.68617317149557,23.89536976141973
0.45900000000000035, 5.7614965773460485, 112.67007911899712,23.967776047153762
0.46000000000000035, 5.783908522437209, 112.65399795556239,24.04105660276649
0.46100000000000035, 5.806364276237985, 112.63792978438315,24.1152308727456
0.46200000000000035, 5.82886379722267, 112.62187471015572,24.190318958023628
0.46300000000000036, 5.851407043481539, 112.60583283912679,24.26634164583638
0.46400000000000036, 5.873993972712483, 112.58980427914119,24.34332044129984
0.46500000000000036, 5.896624542212377, 112.57378913969134,24.4212776008258
0.46600000000000036, 5.919298708868172, 112.55778753196853,24.50023616750616
0.46700000000000036, 5.9420164291476745, 112.54179956891633,24.580220008606886
0.46800000000000036, 5.964777659090041, 112.52582536528583,24.66125385532444
0.46900000000000036, 5.987582354295932, 112.50986503769323,24.743363344970582
0.47000000000000036, 6.010430469917339, 112.49391870467969,24.82657506576581
0.47100000000000036, 6.033321960647058, 112.47798648677343,24.910916604437556
0.47200000000000036, 6.056256780707795, 112.4620685065545,24.99641659683672
0.47300000000000036, 6.079234883840887, 112.44616488872212,25.08310478180511
0.47400000000000037, 6.102256223294621, 112.43027576016485,25.17101205854792
0.47500000000000037, 6.1253207518121275, 112.41440125003356,25.260170547788583
0.47600000000000037, 6.148428421618837, 112.39854148981773,25.350613657009298
0.47700000000000037, 6.171579184409465, 112.38269661342478,25.442376150109485
0.47800000000000037, 6.194772991334518, 112.36686675726297,25.53549422184625
0.47900000000000037, 6.218009792986282, 112.35105206032782,25.630005577456366
0.48000000000000037, 6.2412895393842795, 112.33525266429248,25.725949517899046
0.48100000000000037, 6.264612179960153, 112.31946871360212,25.823367031202505
0.4820000000000004, 6.287977663541965, 112.3037003555725,25.922300890446788
0.4830000000000004, 6.311385938337867, 112.28794774049318,26.022795758970133
0.4840000000000004, 6.334836951919113, 112.27221102173553,26.12489830344774
0.4850000000000004, 6.3583306512023725, 112.25649035586568,26.228657315560852
0.4860000000000004, 6.381866982431328, 112.24078590276305,26.33412384305184
0.4870000000000004, 6.405445891157485, 112.22509782574447,26.441351331047883
0.4880000000000004, 6.429067322220176, 112.20942629169433,26.55039577463466
0.4890000000000004, 6.452731219725701, 112.19377147120132,26.661315883772534
0.4900000000000004, 6.4764375270255625, 112.17813353870184,26.774173261773477
0.4910000000000004, 6.5001861866937345, 112.16251267263087,26.889032598699682
0.4920000000000004, 6.523977140502913, 112.14690905558042,27.005961881206986
0.4930000000000004, 6.547810329399686, 112.13132287446638,27.125032620540622
0.4940000000000004, 6.571685693478566, 112.1157543207041,27.24632010060149
0.4950000000000004, 6.595603171954796, 112.10020359039333,27.369903648241802
0.4960000000000004, 6.619562703135876, 112.08467088451343,27.495866928224768
0.4970000000000004, 6.643564224391715, 112.06915640912884,27.62429826560021
0.4980000000000004, 6.667607672123321, 112.05366037560653,27.755290998612647
0.4990000000000004, 6.691692981729945, 112.03818300084531,27.88894386567996
0.5000000000000003, 6.715820087574565, 112.02272450751862,28.025361430468536
0.5010000000000003, 6.739988922947611, 112.00728512433116,28.164654549656955
0.5020000000000003, 6.764199420028801, 111.99186508629079,28.306940888639026
0.5030000000000003, 6.788451509846972, 111.97646463499657,28.45234549118697
0.5040000000000003, 6.812745122237759, 111.96108401894439,28.60100140999578
0.5050000000000003, 6.837080185798969, 111.94572349385123,28.753050406088605
0.5060000000000003, 6.861456627843494, 111.93038332299975,28.908643726310405
0.5070000000000003, 6.88587437434958, 111.91506377760456,29.0679429696124
0.5080000000000003, 6.91033334990826, 111.89976513720224,29.231121054581024
0.5090000000000003, 6.934833477667746, 111.88448769006624,29.398363302751925
0.5100000000000003, 6.959374679274539, 111.86923173364957,29.56986865474483
0.5110000000000003, 6.983956874811033, 111.85399757505692,29.745851039253207
0.5120000000000003, 7.008579982729314, 111.8387855315487,29.926540918537828
0.5130000000000003, 7.033243919780886, 111.82359593107978,30.112187038455005
0.5140000000000003, 7.057948600941993, 111.80842911287547,30.303058416383276
0.5150000000000003, 7.082693939334192, 111.79328542804829,30.499446606938506
0.5160000000000003, 7.107479846139808, 111.7781652402583,30.70166829339279
0.5170000000000003, 7.132306230511857, 111.76306892642107,30.91006826263765
0.5180000000000003, 7.157172999478008, 111.74799687746673,31.125022833877907
0.5190000000000003, 7.1820800578381006, 111.73294949915467,31.346943826693142
0.5200000000000004, 7.207027308054727, 111.71792721294787,31.576283173566168
0.5210000000000004, 7.232014650136336, 111.70293045695142,31.813538306663652
0.5220000000000004, 7.257041981512305, 111.68795968692015,32.05925848019187
0.5230000000000004, 7.282109196899388, 111.67301537733974,32.31405223025905
0.5240000000000004, 7.307216188158968, 111.65809802258562,32.5785962268956
0.5250000000000004, 7.332362844144544, 111.64320813816387,32.85364584193431
0.5260000000000004, 7.357549050538929, 111.62834626203673,33.14004784775197
0.5270000000000004, 7.382774689680746, 111.61351295603355,33.43875578381881
0.5280000000000004, 7.408039640379991, 111.59870880734601,33.75084869266648
0.5290000000000004, 7.4333437777227305, 111.58393443010127,34.07755415186269
0.5300000000000004, 7.458686972865469, 111.56919046699977,34.4202768398993
0.5310000000000004, 7.484069092820518, 111.5544775909947,34.78063431068894
0.5320000000000004, 7.5, 111.68093153297927,34.493155923817824
0.5330000000000004, 7.5, 112.03995942524107,33.11359036546512
0.5340000000000004, 7.5, 112.38647600419921,31.811876345476566
0.5350000000000004, 7.5, 112.72081193423276,30.584675788664786
0.5360000000000004, 7.5, 113.0432919568141,29.428747628147256
0.5370000000000004, 7.5, 113.35423494570814,28.340946345910975
0.5380000000000004, 7.5, 113.65395396213141,27.31822051486459
0.5390000000000004, 7.5, 113.94275630987131,26.357611342389575
0.5400000000000004, 7.5, 114.22094359036508,25.456251215402123
0.5410000000000004, 7.5, 114.48881175773813,24.611362246937478
0.5420000000000004, 7.5, 114.74665117380155,23.820254824268627
0.5430000000000004, 7.5, 114.99474666300871,23.080326158571193
0.5440000000000004, 7.5, 115.23337756737035,22.389058836146667
0.5450000000000004, 7.5, 115.46281780132834,21.74401937121592
0.5460000000000004, 7.5, 115.68333590658713,21.142856760295206
0.5470000000000004, 7.5, 115.89519510690363,20.583301038166802
0.5480000000000004, 7.5, 116.09865336283428,20.063161835456434
0.5490000000000004, 7.5, 116.29396342643956,19.58032693782972
0.5500000000000004, 7.5, 116.48137289594563,19.1327608468198
0.5510000000000004, 7.5, 116.66112427036245,18.718503342298252
0.5520000000000004, 7.5, 116.83345500405872,18.335668046601405
0.5530000000000004, 7.5, 116.99859756129268,17.982440990323994
0.5540000000000004, 7.5, 117.1567794706989,17.657079179792007
0.5550000000000004, 7.5, 117.3082233797306,17.357909166226406
0.5560000000000004, 7.5, 117.45314710905734,17.08332561660914
0.5570000000000004, 7.5, 117.59176370691742,16.8317898862627
0.5580000000000004, 7.5, 117.72428150342516,16.601828593153996
0.5590000000000004, 7.5, 117.85090416483231,16.39203219393308
0.5600000000000004, 7.5, 117.97183074774367,16.201053561716694
0.5610000000000004, 7.5, 118.08725575328616,16.027606565626048
0.5620000000000004, 7.5, 118.19736918123127,15.87046465208764
0.5630000000000004, 7.5, 118.30235658407074,15.728459427905022
0.5640000000000004, 7.5, 118.40239912104454,15.6004792451087
0.5650000000000004, 7.5, 118.49767361212159,15.485467787590022
0.5660000000000004, 7.5, 118.58835259193204,15.38242265952393
0.5670000000000004, 7.5, 118.67460436365153,15.290393975583749
0.5680000000000004, 7.5, 118.75659305283654,15.20848295294964
0.5690000000000004, 7.5, 118.83447866121068,15.135840505110307
0.5700000000000004, 7.5, 118.90841712040158,15.071665837455189
0.5710000000000004, 7.5, 118.97856034562784,15.01520504465176
0.5720000000000004, 7.5, 119.04505628933595,14.965749709799299
0.5730000000000004, 7.5, 119.10804899478651,14.922635505346923
0.5740000000000004, 7.5, 119.1676786495896,14.885240795759234
0.5750000000000004, 7.5, 119.22408163918864,14.852985241908
0.5760000000000004, 7.5, 119.27739060029278,14.825328407162253
0.5770000000000004, 7.5, 119.32773447425683,14.801768365142253
0.5780000000000004, 7.5, 119.37523856040897,14.78184030909443
0.5790000000000004, 7.5, 119.42002456932535,14.765115162834658
0.5800000000000004, 7.5, 119.46221067605133,14.75119819319555
0.5810000000000004, 7.5, 119.50191157326914,14.739727623899539
0.5820000000000004, 7.5, 119.53923852441113,14.73037325076279
0.5830000000000004, 7.5, 119.57429941671859,14.72283505811497
0.5840000000000004, 7.5, 119.60719881424546,14.71684183629558
0.5850000000000004, 7.5, 119.63803801080674,14.712149800058018
0.5860000000000004, 7.5, 119.66691508287076,14.708541207676559
0.5870000000000004, 7.5, 119.69392494239536,14.705822980507348
0.5880000000000004, 7.5, 119.71915938960724,14.703825322700247
0.5890000000000004, 7.5, 119.74270716572411,14.70240034069213
0.5900000000000004, 7.5, 119.7646540056192,14.701420662031891
0.5910000000000004, 7.5, 119.78508269042777,14.700778052994995
0.5920000000000004, 7.5, 119.80407310009485,14.700382034356563
0.5930000000000004, 7.5, 119.82170226586447,14.700158494692976
0.5940000000000004, 7.5, 119.83804442270898,14.700048301165605
0.5950000000000004, 7.5, 119.85317106169882,14.700005912849342
0.5960000000000004, 7.5, 119.86715098231198,14.699998080917766
0.5970000000000004, 7.5, 119.88005034468264,14.700001250131203
0.5980000000000004, 7.5, 119.89193272178872,14.699999004716588
0.5990000000000004, 7.5, 119.90285915157774,14.700000874078741
0.6000000000000004, 7.5, 119.91288818903081,14.699999190044588
0.6010000000000004, 7.5, 119.92207595816417,14.700000774014692
0.6020000000000004, 7.5, 119.93047620396793,14.699999246805225
0.6030000000000004, 7.5, 119.93814034428155,14.700000740898512
0.6040000000000004, 7.5, 119.94511752160581,14.6999992664478
0.6050000000000004, 7.5, 119.95145465485099,14.70000072913274
0.6060000000000004, 7.5, 119.95719649102068,14.699999273537077
0.6070000000000004, 7.5, 119.96238565683112,14.700000724845992
0.6080000000000004, 7.5, 119.96706271026588,14.699999276134774
0.6090000000000004, 7.5, 119.97126619206541,14.700000723269776
0.6100000000000004, 7.5, 119.97503267715148,14.69999927709194
0.6110000000000004, 7.5, 119.9783968259864,14.700000722688253
0.6120000000000004, 7.5, 119.98139143586688,14.699999277445343
0.6130000000000004, 7.5, 119.98404749215244,14.700000722473444
0.6140000000000004, 7.5, 119.98639421942872,14.699999277575927
0.6150000000000004, 7.5, 119.98845913260575,14.700000722394057
0.6160000000000004, 7.5, 119.99026808795145,14.699999277624192
0.6170000000000004, 7.5, 119.99184533406081,14.700000722364711
0.6180000000000004, 7.5, 119.99321356276153,14.699999277642032
0.6190000000000004, 7.5, 119.99439395995648,14.700000722353865
0.6200000000000004, 7.5, 119.99540625640464,14.699999277648628
0.6210000000000004, 7.5, 119.99626877844095,14.700000722349854
0.6220000000000004, 7.5, 119.9969984986375,14.699999277651063
0.6230000000000004, 7.5, 119.99761108640715,14.700000722348376
0.6240000000000004, 7.5, 119.99812095855249,14.699999277651962
0.6250000000000004, 7.5, 119.99854132976273,14.70000072234783
0.6260000000000004, 7.5, 119.99888426306194,14.699999277652294
0.6270000000000004, 7.5, 119.99916072021288,14.700000722347625
0.6280000000000004, 7.5, 119.99938061208154,14.69999927765242
0.6290000000000004, 7.5, 119.99955284896821,14.70000072234755
0.6300000000000004, 7.5, 119.99968539091294,14.699999277652466
0.6310000000000004, 7.5, 119.99978529798395,14.700000722347523
0.6320000000000005, 7.5, 119.99985878056025,14.69999927765248
0.6330000000000005, 7.5, 119.99991124962186,14.700000722347513
0.6340000000000005, 7.5, 119.99994736706371,14.69999927765249
0.6350000000000005, 7.5, 119.99997109605306,14.700000722347507
0.6360000000000005, 7.5, 119.99998575145322,14.699999277652493
0.6370000000000005, 7.5, 119.99999405033681,14.700000722347504
0.6380000000000005, 7.5, 119.9999981625915,14.699999277652497
0.6390000000000005, 7.5, 119.99999976144817,14.700000722347502
0.6400000000000005, 7.5, 120.0000000711649,14.699999277652497
0.6410000000000005, 7.5, 119.99999995405061,14.700000722347502
0.6420000000000005, 7.5, 120.00000003643807,14.699999277652497
0.6430000000000005, 7.5, 119.999999968066,14.700000722347502
0.6440000000000005, 7.5, 120.00000002955646,14.699999277652497
0.6450000000000005, 7.5, 119.99999997177444,14.700000722347502
0.6460000000000005, 7.5, 120.00000002745516,14.699999277652497
0.6470000000000005, 7.5, 119.99999997299965,14.700000722347502
0.6480000000000005, 7.5, 120.00000002672869,14.699999277652497
0.6490000000000005, 7.5, 119.99999997343471,14.700000722347502
0.6500000000000005, 7.5, 120.00000002646658,14.699999277652497
0.6510000000000005, 7.5, 119.99999997359318,14.700000722347502
0.6520000000000005, 7.5, 120.00000002637057,14.699999277652497
0.6530000000000005, 7.5, 119.99999997365144,14.700000722347502
0.6540000000000005, 7.5, 120.00000002633517,14.699999277652497
0.6550000000000005, 7.5, 119.99999997367296,14.700000722347502
0.6560000000000005, 7.5, 120.0000000263221,14.699999277652497
0.6570000000000005, 7.5, 119.9999999736809,14.700000722347502
0.6580000000000005, 7.5, 120.00000002631728,14.699999277652497
0.6590000000000005, 7.5, 119.99999997368383,14.700000722347502
0.6600000000000005, 7.5, 120.0000000263155,14.699999277652497
0.6610000000000005, 7.5, 119.99999997368491,14.700000722347502
0.6620000000000005, 7.5, 120.00000002631484,14.699999277652497
0.6630000000000005, 7.5, 119.9999999736853,14.700000722347502
0.6640000000000005, 7.5, 120.0000000263146,14.699999277652497
0.6650000000000005, 7.5, 119.99999997368545,14.700000722347502
0.6660000000000005, 7.5, 120.00000002631452,14.699999277652497
0.6670000000000005, 7.5, 119.9999999736855,14.700000722347502
0.6680000000000005, 7.5, 120.00000002631447,14.699999277652497
0.6690000000000005, 7.5, 119.99999997368553,14.700000722347502
0.6700000000000005, 7.5, 120.00000002631447,14.699999277652497
0.6710000000000005, 7.5, 119.99999997368553,14.700000722347502
0.6720000000000005, 7.5, 120.00000002631447,14.699999277652497
0.6730000000000005, 7.5, 119.99999997368553,14.700000722347502
0.6740000000000005, 7.5, 120.00000002631447,14.699999277652497
0.6750000000000005, 7.5, 119.99999997368553,14.700000722347502
0.6760000000000005, 7.5, 120.00000002631447,14.699999277652497
0.6770000000000005, 7.5, 119.99999997368553,14.700000722347502
0.6780000000000005, 7.5, 120.00000002631447,14.699999277652497
0.6790000000000005, 7.5, 119.99999997368553,14.700000722347502
0.6800000000000005, 7.5, 120.00000002631447,14.699999277652497
0.6810000000000005, 7.5, 119.99999997368553,14.700000722347502
0.6820000000000005, 7.5, 120.00000002631447,14.699999277652497
0.6830000000000005, 7.5, 119.99999997368553,14.700000722347502
0.6840000000000005, 7.5, 120.00000002631447,14.699999277652497
0.6850000000000005, 7.5, 119.99999997368553,14.700000722347502
0.6860000000000005, 7.5, 120.00000002631447,14.699999277652497
0.6870000000000005, 7.5, 119.99999997368553,14.700000722347502
0.6880000000000005, 7.5, 120.00000002631447,14.699999277652497
0.6890000000000005, 7.5, 119.99999997368553,14.700000722347502
0.6900000000000005, 7.5, 120.00000002631447,14.699999277652497
0.6910000000000005, 7.5, 119.99999997368553,14.700000722347502
0.6920000000000005, 7.5, 120.00000002631447,14.699999277652497
0.6930000000000005, 7.5, 119.99999997368553,14.700000722347502
0.6940000000000005, 7.5, 120.00000002631447,14.699999277652497
0.6950000000000005, 7.5, 119.99999997368553,14.700000722347502
0.6960000000000005, 7.5, 120.00000002631447,14.699999277652497
0.6970000000000005, 7.5, 119.99999997368553,14.700000722347502
0.6980000000000005, 7.5, 120.00000002631447,14.699999277652497
0.6990000000000005, 7.5, 119.99999997368553,14.700000722347502
0.7000000000000005, 7.5, 120.00000002631447,14.699999277652497
0.7010000000000005, 7.5, 119.99999997368553,14.700000722347502
0.7020000000000005, 7.5, 120.00000002631447,14.699999277652497
0.7030000000000005, 7.5, 119.99999997368553,14.700000722347502
0.7040000000000005, 7.5, 120.00000002631447,14.699999277652497
0.7050000000000005, 7.5, 119.99999997368553,14.700000722347502
0.7060000000000005, 7.5, 120.00000002631447,14.699999277652497
0.7070000000000005, 7.5, 119.99999997368553,14.700000722347502
0.7080000000000005, 7.5, 120.00000002631447,14.699999277652497
0.7090000000000005, 7.5, 119.99999997368553,14.700000722347502
0.7100000000000005, 7.5, 120.00000002631447,14.699999277652497
0.7110000000000005, 7.5, 119.99999997368553,14.700000722347502
0.7120000000000005, 7.5, 120.00000002631447,14.699999277652497
0.7130000000000005, 7.5, 119.99999997368553,14.700000722347502
0.7140000000000005, 7.5, 120.00000002631447,14.699999277652497
0.7150000000000005, 7.5, 119.99999997368553,14.700000722347502
0.7160000000000005, 7.5, 120.00000002631447,14.699999277652497
0.7170000000000005, 7.5, 119.99999997368553,14.700000722347502
0.7180000000000005, 7.5, 120.00000002631447,14.699999277652497
0.7190000000000005, 7.5, 119.99999997368553,14.700000722347502
0.7200000000000005, 7.5, 120.00000002631447,14.699999277652497
0.7210000000000005, 7.5, 119.99999997368553,14.700000722347502
0.7220000000000005, 7.5, 120.00000002631447,14.699999277652497
0.7230000000000005, 7.5, 119.99999997368553,14.700000722347502
0.7240000000000005, 7.5, 120.00000002631447,14.699999277652497
0.7250000000000005, 7.5, 119.99999997368553,14.700000722347502
0.7260000000000005, 7.5, 120.00000002631447,14.699999277652497
0.7270000000000005, 7.5, 119.99999997368553,14.700000722347502
0.7280000000000005, 7.5, 120.00000002631447,14.699999277652497
0.7290000000000005, 7.5, 119.99999997368553,14.700000722347502
0.7300000000000005, 7.5, 120.00000002631447,14.699999277652497
0.7310000000000005, 7.5, 119.99999997368553,14.700000722347502
0.7320000000000005, 7.5, 120.00000002631447,14.699999277652497
0.7330000000000005, 7.5, 119.99999997368553,14.700000722347502
0.7340000000000005, 7.5, 120.00000002631447,14.699999277652497
0.7350000000000005, 7.5, 119.99999997368553,14.700000722347502
0.7360000000000005, 7.5, 120.00000002631447,14.699999277652497
0.7370000000000005, 7.5, 119.99999997368553,14.700000722347502
0.7380000000000005, 7.5, 120.00000002631447,14.699999277652497
0.7390000000000005, 7.5, 119.99999997368553,14.700000722347502
0.7400000000000005, 7.5, 120.00000002631447,14.699999277652497
0.7410000000000005, 7.5, 119.99999997368553,14.700000722347502
0.7420000000000005, 7.5, 120.00000002631447,14.699999277652497
0.7430000000000005, 7.5, 119.99999997368553,14.700000722347502
0.7440000000000005, 7.5, 120.00000002631447,14.699999277652497
0.7450000000000006, 7.5, 119.99999997368553,14.700000722347502
0.7460000000000006, 7.5, 120.00000002631447,14.699999277652497
0.7470000000000006, 7.5, 119.99999997368553,14.700000722347502
0.7480000000000006, 7.5, 120.00000002631447,14.699999277652497
0.7490000000000006, 7.5, 119.99999997368553,14.700000722347502
0.7500000000000006, 7.5, 120.00000002631447,14.699999277652497
0.7510000000000006, 7.5, 119.99999997368553,14.700000722347502
0.7520000000000006, 7.5, 120.00000002631447,14.699999277652497
0.7530000000000006, 7.5, 119.99999997368553,14.700000722347502
0.7540000000000006, 7.5, 120.00000002631447,14.699999277652497
0.7550000000000006, 7.5, 119.99999997368553,14.700000722347502
0.7560000000000006, 7.5, 120.00000002631447,14.699999277652497
0.7570000000000006, 7.5, 119.99999997368553,14.700000722347502
0.7580000000000006, 7.5, 120.00000002631447,14.699999277652497
0.7590000000000006, 7.5, 119.99999997368553,14.700000722347502
0.7600000000000006, 7.5, 120.00000002631447,14.699999277652497
0.7610000000000006, 7.5, 119.99999997368553,14.700000722347502
0.7620000000000006, 7.5, 120.00000002631447,14.699999277652497
0.7630000000000006, 7.5, 119.99999997368553,14.700000722347502
0.7640000000000006, 7.5, 120.00000002631447,14.699999277652497
0.7650000000000006, 7.5, 119.99999997368553,14.700000722347502
0.7660000000000006, 7.5, 120.00000002631447,14.699999277652497
0.7670000000000006, 7.5, 119.99999997368553,14.700000722347502
0.7680000000000006, 7.5, 120.00000002631447,14.699999277652497
0.7690000000000006, 7.5, 119.99999997368553,14.700000722347502
0.7700000000000006, 7.5, 120.00000002631447,14.699999277652497
0.7710000000000006, 7.5, 119.99999997368553,14.700000722347502
0.7720000000000006, 7.5, 120.00000002631447,14.699999277652497
0.7730000000000006, 7.5, 119.99999997368553,14.700000722347502
0.7740000000000006, 7.5, 120.00000002631447,14.699999277652497
0.7750000000000006, 7.5, 119.99999997368553,14.700000722347502
0.7760000000000006, 7.5, 120.00000002631447,14.699999277652497
0.7770000000000006, 7.5, 119.99999997368553,14.700000722347502
0.7780000000000006, 7.5, 120.00000002631447,14.699999277652497
0.7790000000000006, 7.5, 119.99999997368553,14.700000722347502
0.7800000000000006, 7.5, 120.00000002631447,14.699999277652497
0.7810000000000006, 7.5, 119.99999997368553,14.700000722347502
0.7820000000000006, 7.5, 120.00000002631447,14.699999277652497
0.7830000000000006, 7.5, 119.99999997368553,14.700000722347502
0.7840000000000006, 7.5, 120.00000002631447,14.699999277652497
0.7850000000000006, 7.5, 119.99999997368553,14.700000722347502
0.7860000000000006, 7.5, 120.00000002631447,14.699999277652497
0.7870000000000006, 7.5, 119.99999997368553,14.700000722347502
0.7880000000000006, 7.5, 120.00000002631447,14.699999277652497
0.7890000000000006, 7.5, 119.99999997368553,14.700000722347502
0.7900000000000006, 7.5, 120.00000002631447,14.699999277652497
0.7910000000000006, 7.5, 119.99999997368553,14.700000722347502
0.7920000000000006, 7.5, 120.00000002631447,14.699999277652497
0.7930000000000006, 7.5, 119.99999997368553,14.700000722347502
0.7940000000000006, 7.5, 120.00000002631447,14.699999277652497
0.7950000000000006, 7.5, 119.99999997368553,14.700000722347502
0.7960000000000006, 7.5, 120.00000002631447,14.699999277652497
0.7970000000000006, 7.5, 119.99999997368553,14.700000722347502
0.7980000000000006, 7.5, 120.00000002631447,14.699999277652497
0.7990000000000006, 7.5, 119.99999997368553,14.700000722347502
0.8000000000000006, 7.5, 120.00000002631447,14.699999277652497
0.8010000000000006, 7.5, 119.99999997368553,14.700000722347502
0.8020000000000006, 7.5, 120.00000002631447,14.699999277652497
0.8030000000000006, 7.5, 119.99999997368553,14.700000722347502
0.8040000000000006, 7.5, 120.00000002631447,14.699999277652497
0.8050000000000006, 7.5, 119.99999997368553,14.700000722347502
0.8060000000000006, 7.5, 120.00000002631447,14.699999277652497
0.8070000000000006, 7.5, 119.99999997368553,14.700000722347502
0.8080000000000006, 7.5, 120.00000002631447,14.699999277652497
0.8090000000000006, 7.5, 119.99999997368553,14.700000722347502
0.8100000000000006, 7.5, 120.00000002631447,14.699999277652497
0.8110000000000006, 7.5, 119.99999997368553,14.700000722347502
0.8120000000000006, 7.5, 120.00000002631447,14.699999277652497
0.8130000000000006, 7.5, 119.99999997368553,14.700000722347502
0.8140000000000006, 7.5, 120.00000002631447,14.699999277652497
0.8150000000000006, 7.5, 119.99999997368553,14.700000722347502
0.8160000000000006, 7.5, 120.00000002631447,14.699999277652497
0.8170000000000006, 7.5, 119.99999997368553,14.700000722347502
0.8180000000000006, 7.5, 120.00000002631447,14.699999277652497
0.8190000000000006, 7.5, 119.99999997368553,14.700000722347502
0.8200000000000006, 7.5, 120.00000002631447,14.699999277652497
0.8210000000000006, 7.5, 119.99999997368553,14.700000722347502
0.8220000000000006, 7.5, 120.00000002631447,14.699999277652497
0.8230000000000006, 7.5, 119.99999997368553,14.700000722347502
0.8240000000000006, 7.5, 120.00000002631447,14.699999277652497
0.8250000000000006, 7.5, 119.99999997368553,14.700000722347502
0.8260000000000006, 7.5, 120.00000002631447,14.699999277652497
0.8270000000000006, 7.5, 119.99999997368553,14.700000722347502
0.8280000000000006, 7.5, 120.00000002631447,14.699999277652497
0.8290000000000006, 7.5, 119.99999997368553,14.700000722347502
0.8300000000000006, 7.5, 120.00000002631447,14.699999277652497
0.8310000000000006, 7.5, 119.99999997368553,14.700000722347502
0.8320000000000006, 7.5, 120.00000002631447,14.699999277652497
0.8330000000000006, 7.5, 119.99999997368553,14.700000722347502
0.8340000000000006, 7.5, 120.00000002631447,14.699999277652497
0.8350000000000006, 7.5, 119.99999997368553,14.700000722347502
0.8360000000000006, 7.5, 120.00000002631447,14.699999277652497
0.8370000000000006, 7.5, 119.99999997368553,14.700000722347502
0.8380000000000006, 7.5, 120.00000002631447,14.699999277652497
0.8390000000000006, 7.5, 119.99999997368553,14.700000722347502
0.8400000000000006, 7.5, 120.00000002631447,14.699999277652497
0.8410000000000006, 7.5, 119.99999997368553,14.700000722347502
0.8420000000000006, 7.5, 120.00000002631447,14.699999277652497
0.8430000000000006, 7.5, 119.99999997368553,14.700000722347502
0.8440000000000006, 7.5, 120.00000002631447,14.699999277652497
0.8450000000000006, 7.5, 119.99999997368553,14.700000722347502
0.8460000000000006, 7.5, 120.00000002631447,14.699999277652497
0.8470000000000006, 7.5, 119.99999997368553,14.700000722347502
0.8480000000000006, 7.5, 120.00000002631447,14.699999277652497
0.8490000000000006, 7.5, 119.99999997368553,14.700000722347502
0.8500000000000006, 7.5, 120.00000002631447,14.699999277652497
0.8510000000000006, 7.5, 119.99999997368553,14.700000722347502
0.8520000000000006, 7.5, 120.00000002631447,14.699999277652497
0.8530000000000006, 7.5, 119.99999997368553,14.700000722347502
0.8540000000000006, 7.5, 120.00000002631447,14.699999277652497
0.8550000000000006, 7.5, 119.99999997368553,14.700000722347502
0.8560000000000006, 7.5, 120.00000002631447,14.699999277652497
0.8570000000000007, 7.5, 119.99999997368553,14.700000722347502
0.8580000000000007, 7.5, 120.00000002631447,14.699999277652497
0.8590000000000007, 7.5, 119.99999997368553,14.700000722347502
0.8600000000000007, 7.5, 120.00000002631447,14.699999277652497
0.8610000000000007, 7.5, 119.99999997368553,14.700000722347502
0.8620000000000007, 7.5, 120.00000002631447,14.699999277652497
0.8630000000000007, 7.5, 119.99999997368553,14.700000722347502
0.8640000000000007, 7.5, 120.00000002631447,14.699999277652497
0.8650000000000007, 7.5, 119.99999997368553,14.700000722347502
0.8660000000000007, 7.5, 120.00000002631447,14.699999277652497
0.8670000000000007, 7.5, 119.99999997368553,14.700000722347502
0.8680000000000007, 7.5, 120.00000002631447,14.699999277652497
0.8690000000000007, 7.5, 119.99999997368553,14.700000722347502
0.8700000000000007, 7.5, 120.00000002631447,14.699999277652497
0.8710000000000007, 7.5, 119.99999997368553,14.700000722347502
0.8720000000000007, 7.5, 120.00000002631447,14.699999277652497
0.8730000000000007, 7.5, 119.99999997368553,14.700000722347502
0.8740000000000007, 7.5, 120.00000002631447,14.699999277652497
0.8750000000000007, 7.5, 119.99999997368553,14.700000722347502
0.8760000000000007, 7.5, 120.00000002631447,14.699999277652497
0.8770000000000007, 7.5, 119.99999997368553,14.700000722347502
0.8780000000000007, 7.5, 120.00000002631447,14.699999277652497
0.8790000000000007, 7.5, 119.99999997368553,14.700000722347502
0.8800000000000007, 7.5, 120.00000002631447,14.699999277652497
0.8810000000000007, 7.5, 119.99999997368553,14.700000722347502
0.8820000000000007, 7.5, 120.00000002631447,14.699999277652497
0.8830000000000007, 7.5, 119.99999997368553,14.700000722347502
0.8840000000000007, 7.5, 120.00000002631447,14.699999277652497
0.8850000000000007, 7.5, 119.99999997368553,14.700000722347502
0.8860000000000007, 7.5, 120.00000002631447,14.699999277652497
0.8870000000000007, 7.5, 119.99999997368553,14.700000722347502
0.8880000000000007, 7.5, 120.00000002631447,14.699999277652497
0.8890000000000007, 7.5, 119.99999997368553,14.700000722347502
0.8900000000000007, 7.5, 120.00000002631447,14.699999277652497
0.8910000000000007, 7.5, 119.99999997368553,14.700000722347502
0.8920000000000007, 7.5, 120.00000002631447,14.699999277652497
0.8930000000000007, 7.5, 119.99999997368553,14.700000722347502
0.8940000000000007, 7.5, 120.00000002631447,14.699999277652497
0.8950000000000007, 7.5, 119.99999997368553,14.700000722347502
0.8960000000000007, 7.5, 120.00000002631447,14.699999277652497
0.8970000000000007, 7.5, 119.99999997368553,14.700000722347502
0.8980000000000007, 7.5, 120.00000002631447,14.699999277652497
0.8990000000000007, 7.5, 119.99999997368553,14.700000722347502
0.9000000000000007, 7.5, 120.00000002631447,14.699999277652497
0.9010000000000007, 7.5, 119.99999997368553,14.700000722347502
0.9020000000000007, 7.5, 120.00000002631447,14.699999277652497
0.9030000000000007, 7.5, 119.99999997368553,14.700000722347502
0.9040000000000007, 7.5, 120.00000002631447,14.699999277652497
0.9050000000000007, 7.5, 119.99999997368553,14.700000722347502
0.9060000000000007, 7.5, 120.00000002631447,14.699999277652497
0.9070000000000007, 7.5, 119.99999997368553,14.700000722347502
0.9080000000000007, 7.5, 120.00000002631447,14.699999277652497
0.9090000000000007, 7.5, 119.99999997368553,14.700000722347502
0.9100000000000007, 7.5, 120.00000002631447,14.699999277652497
0.9110000000000007, 7.5, 119.99999997368553,14.700000722347502
0.9120000000000007, 7.5, 120.00000002631447,14.699999277652497
0.9130000000000007, 7.5, 119.99999997368553,14.700000722347502
0.9140000000000007, 7.5, 120.00000002631447,14.699999277652497
0.9150000000000007, 7.5, 119.99999997368553,14.700000722347502
0.9160000000000007, 7.5, 120.00000002631447,14.699999277652497
0.9170000000000007, 7.5, 119.99999997368553,14.700000722347502
0.9180000000000007, 7.5, 120.00000002631447,14.699999277652497
0.9190000000000007, 7.5, 119.99999997368553,14.700000722347502
0.9200000000000007, 7.5, 120.00000002631447,14.699999277652497
0.9210000000000007, 7.5, 119.99999997368553,14.700000722347502
0.9220000000000007, 7.5, 120.00000002631447,14.699999277652497
0.9230000000000007, 7.5, 119.99999997368553,14.700000722347502
0.9240000000000007, 7.5, 120.00000002631447,14.699999277652497
0.9250000000000007, 7.5, 119.99999997368553,14.700000722347502
0.9260000000000007, 7.5, 120.00000002631447,14.699999277652497
0.9270000000000007, 7.5, 119.99999997368553,14.700000722347502
0.9280000000000007, 7.5, 120.00000002631447,14.699999277652497
0.9290000000000007, 7.5, 119.99999997368553,14.700000722347502
0.9300000000000007, 7.5, 120.00000002631447,14.699999277652497
0.9310000000000007, 7.5, 119.99999997368553,14.700000722347502
0.9320000000000007, 7.5, 120.00000002631447,14.699999277652497
0.9330000000000007, 7.5, 119.99999997368553,14.700000722347502
0.9340000000000007, 7.5, 120.00000002631447,14.699999277652497
0.9350000000000007, 7.5, 119.99999997368553,14.700000722347502
0.9360000000000007, 7.5, 120.00000002631447,14.699999277652497
0.9370000000000007, 7.5, 119.99999997368553,14.700000722347502
0.9380000000000007, 7.5, 120.00000002631447,14.699999277652497
0.9390000000000007, 7.5, 119.99999997368553,14.700000722347502
0.9400000000000007, 7.5, 120.00000002631447,14.699999277652497
0.9410000000000007, 7.5, 119.99999997368553,14.700000722347502
0.9420000000000007, 7.5, 120.00000002631447,14.699999277652497
0.9430000000000007, 7.5, 119.99999997368553,14.700000722347502
0.9440000000000007, 7.5, 120.00000002631447,14.699999277652497
0.9450000000000007, 7.5, 119.99999997368553,14.700000722347502
0.9460000000000007, 7.5, 120.00000002631447,14.699999277652497
0.9470000000000007, 7.5, 119.99999997368553,14.700000722347502
0.9480000000000007, 7.5, 120.00000002631447,14.699999277652497
0.9490000000000007, 7.5, 119.99999997368553,14.700000722347502
0.9500000000000007, 7.5, 120.00000002631447,14.699999277652497
0.9510000000000007, 7.5, 119.99999997368553,14.700000722347502
0.9520000000000007, 7.5, 120.00000002631447,14.699999277652497
0.9530000000000007, 7.5, 119.99999997368553,14.700000722347502
0.9540000000000007, 7.5, 120.00000002631447,14.699999277652497
0.9550000000000007, 7.5, 119.99999997368553,14.700000722347502
0.9560000000000007, 7.5, 120.00000002631447,14.699999277652497
0.9570000000000007, 7.5, 119.99999997368553,14.700000722347502
0.9580000000000007, 7.5, 120.00000002631447,14.699999277652497
0.9590000000000007, 7.5, 119.99999997368553,14.700000722347502
0.9600000000000007, 7.5, 120.00000002631447,14.699999277652497
0.9610000000000007, 7.5, 119.99999997368553,14.700000722347502
0.9620000000000007, 7.5, 120.00000002631447,14.699999277652497
0.9630000000000007, 7.5, 119.99999997368553,14.700000722347502
0.9640000000000007, 7.5, 120.00000002631447,14.699999277652497
0.9650000000000007, 7.5, 119.99999997368553,14.700000722347502
0.9660000000000007, 7.5, 120.00000002631447,14.699999277652497
0.9670000000000007, 7.5, 119.99999997368553,14.700000722347502
0.9680000000000007, 7.5, 120.00000002631447,14.699999277652497
0.9690000000000007, 7.5, 119.99999997368553,14.700000722347502
0.9700000000000008, 7.5, 120.00000002631447,14.699999277652497
0.9710000000000008, 7.5, 119.99999997368553,14.700000722347502
0.9720000000000008, 7.5, 120.00000002631447,14.699999277652497
0.9730000000000008, 7.5, 119.99999997368553,14.700000722347502
0.9740000000000008, 7.5, 120.00000002631447,14.699999277652497
0.9750000000000008, 7.5, 119.99999997368553,14.700000722347502
0.9760000000000008, 7.5, 120.00000002631447,14.699999277652497
0.9770000000000008, 7.5, 119.99999997368553,14.700000722347502
0.9780000000000008, 7.5, 120.00000002631447,14.699999277652497
0.9790000000000008, 7.5, 119.99999997368553,14.700000722347502
0.9800000000000008, 7.5, 120.00000002631447,14.699999277652497
0.9810000000000008, 7.5, 119.99999997368553,14.700000722347502
0.9820000000000008, 7.5, 120.00000002631447,14.699999277652497
0.9830000000000008, 7.5, 119.99999997368553,14.700000722347502
0.9840000000000008, 7.5, 120.00000002631447,14.699999277652497
0.9850000000000008, 7.5, 119.99999997368553,14.700000722347502
0.9860000000000008, 7.5, 120.00000002631447,14.699999277652497
0.9870000000000008, 7.5, 119.99999997368553,14.700000722347502
0.9880000000000008, 7.5, 120.00000002631447,14.699999277652497
0.9890000000000008, 7.5, 119.99999997368553,14.700000722347502
0.9900000000000008, 7.5, 120.00000002631447,14.699999277652497
0.9910000000000008, 7.5, 119.99999997368553,14.700000722347502
0.9920000000000008, 7.5, 120.00000002631447,14.699999277652497
0.9930000000000008, 7.5, 119.99999997368553,14.700000722347502
0.9940000000000008, 7.5, 120.00000002631447,14.699999277652497
0.9950000000000008, 7.5, 119.99999997368553,14.700000722347502
0.9960000000000008, 7.5, 120.00000002631447,14.699999277652497
0.9970000000000008, 7.5, 119.99999997368553,14.700000722347502
0.9980000000000008, 7.5, 120.00000002631447,14.699999277652497
0.9990000000000008, 7.5, 119.99999997368553,14.700000722347502
