dt = 0.001; Cv = 0.5
0.0, 0.5, 14.7,14.7
0.001, 0.5020634758434479, 55.918013754545875,14.704045525699097
0.002, 0.5075380917707779, 82.70512765532196,14.7146900532591
0.003, 0.5172491606602583, 98.54462340169786,14.73350579697435
0.004, 0.5316506149125534, 106.72393847995676,14.76137076457901
0.005, 0.5509573236450558, 110.10081368579812,14.798739133044553
0.006, 0.5752471881883798, 110.83519981009077,14.845842991064682
0.007, 0.6045265306424605, 110.28189153522061,14.902819678404231
0.008, 0.638764907907328, 109.14733943148752,14.96977870107834
0.009000000000000001, 0.6779119895857638, 107.76312114999905,15.046833725284838
0.010000000000000002, 0.7219058967244154, 106.28282596640489,15.134118291129179
0.011000000000000003, 0.7706776940147095, 104.7800006293265,15.231794500095832
0.012000000000000004, 0.8241540771025757, 103.29130033764672,15.34005869413574
0.013000000000000005, 0.8822591317495518, 101.83546140719189,15.459145858164442
0.014000000000000005, 0.9449155578574784, 100.42200980340839,15.589333535609574
0.015000000000000006, 1.0120455487432258, 99.05549014083262,15.730945657464297
0.016000000000000007, 1.0835714282073303, 97.73764126022131,15.884356522322193
0.017000000000000008, 1.1594161076690443, 96.46857750395814,16.049995096798654
0.01800000000000001, 1.2395034055236231, 95.24746147483997,16.228349779371815
0.01900000000000001, 1.3237582595722837, 94.07290284248599,16.419973764238087
0.02000000000000001, 1.4121068561377816, 92.94320234586544,16.625491146465606
0.02100000000000001, 1.504476694305963, 91.8565045334029,16.845603922227628
0.022000000000000013, 1.600796599762176, 90.81089471267987,17.081100057320345
0.023000000000000013, 1.700996699527078, 89.80446075980335,17.332862823820374
0.024000000000000014, 1.8050083663365444, 88.83533226835101,17.601881639639874
0.025000000000000015, 1.9127641393304777, 87.90170482943641,17.88926469051156
0.026000000000000016, 2.0241976260241477, 87.00185444308319,18.196253670838434
0.027000000000000017, 2.139243389158754, 86.1341453434665,18.524241051917812
0.028000000000000018, 2.257836820901397, 85.29703343277372,18.87479037736173
0.02900000000000002, 2.379914005933135, 84.48906681237027,19.24966020152135
0.03000000000000002, 2.5054115741790217, 83.70888443222022,19.650832434665155
0.03100000000000002, 2.634266543253565, 82.95521356451161,20.080546048379045
0.03200000000000002, 2.7664161500812483, 82.22686659261534,20.54133733947258
0.03300000000000002, 2.901797670569953, 81.52273745873042,21.03608826880394
0.03400000000000002, 3.0403482256321577, 80.84179801149514,21.568084807995902
0.035000000000000024, 3.1820045712309235, 80.18309442446238,22.1410877769735
0.036000000000000025, 3.326702869438337, 79.54574380833661,22.759419387781588
0.037000000000000026, 3.4743784366910924, 78.92893110801282,23.428069695141446
0.03800000000000003, 3.624965464459714, 78.3319063555943,24.15282849222728
0.03900000000000003, 3.7783967063488904, 77.75398233999975,24.940450027633176
0.04000000000000003, 3.9346031241297097, 77.19453275088856,25.798860472664295
0.04100000000000003, 4.093513483252545, 76.65299085867998,26.7374216607629
0.04200000000000003, 4.255053885838674, 76.12884880344859,27.76726974580179
0.04300000000000003, 4.419147225768573, 75.62165758426941,28.901754845638543
0.04400000000000003, 4.585712545943045, 75.13102786896556,30.15701865357924
0.04500000000000003, 4.754664271603086, 74.65663178527203,31.55276334596168
0.046000000000000034, 4.925911285029471, 74.19820591315886,33.11329006581294
0.047000000000000035, 5.09935579489781, 73.75555578236484,34.86892416969923
0.048000000000000036, 5.274891936320994, 73.32856230165879,36.85800653725522
0.04900000000000004, 5.452404012433622, 72.91719072731306,39.12973203433213
0.05000000000000004, 5.631764250795918, 72.52150305136391,41.74828801541454
0.05100000000000004, 5.812829890409256, 72.14167511255003,44.799045479474174
0.05200000000000004, 5.995439324698699, 71.77802040450457,48.39809858650167
0.05300000000000004, 6.179406878915699, 71.43102365902132,52.707476073376284
0.05400000000000004, 6.364515552803212, 71.10138916294748,57.960394416361055
0.05500000000000004, 6.550506623564373, 70.79011211565518,64.50524762166336
0.05600000000000004, 6.7370641967904925, 70.49858761010991,72.88685021073852
0.057000000000000044, 6.923791201679299, 70.22878433687293,84.00780689053012
0.058000000000000045, 7.110169941547746, 69.98353705507675,99.48037895293398
0.059000000000000045, 7.295492376282382, 69.76707578570412,122.49554088577293
0.060000000000000046, 7.4787241860895435, 69.58608192405615,160.38390413904582
0.06100000000000005, 7.5, 70.91708771525128,160.34213115950877
0.06200000000000005, 7.496322113639658, 72.44849314039709,152.35664412993705
0.06300000000000004, 7.489399411808234, 73.97576105205731,143.86669814289266
0.06400000000000004, 7.479685886914848, 75.49614900108826,135.1910924642113
0.06500000000000004, 7.467642511284758, 77.00650597368596,126.59666909709789
0.06600000000000004, 7.453725563670842, 78.5033917588933,118.28810085588162
0.06700000000000005, 7.438377642090273, 79.98318268170627,110.40847578888305
0.06800000000000005, 7.422021327730084, 81.44216108400094,103.04673390193146
0.06900000000000005, 7.40505517818385, 82.87658870404368,96.2482432997846
0.07000000000000005, 7.38785159763275, 84.28276575504725,90.02581387145815
0.07100000000000005, 7.37075611405179, 85.65707820990977,84.36957382028561
0.07200000000000005, 7.354087641966233, 86.99603586132005,79.25503149418691
0.07300000000000005, 7.338139386231936, 88.29630342664036,74.64922262775747
0.07400000000000005, 7.323180123580522, 89.55472651516548,70.51514709277998
0.07500000000000005, 7.309455671455072, 90.76835380249975,66.81481661553637
0.07600000000000005, 7.297190412956566, 91.93445633192677,63.51124525369174
0.07700000000000005, 7.286588792015257, 93.05054451401696,60.569674140729326
0.07800000000000006, 7.277836725835241, 94.11438312830875,57.958265044177146
0.07900000000000006, 7.27110290460338, 95.12400443836331,55.6484412448084
0.08000000000000006, 7.266539963757962, 96.07771940325866,53.61500661889349
0.08100000000000006, 7.264285523792159, 96.97412689358185,51.83613660007154
0.08200000000000006, 7.2644630982072735, 97.81212078826717,50.293307351598806
0.08300000000000006, 7.267182873006501, 98.59089483193826,48.97121051598243
0.08400000000000006, 7.272542361857172, 99.30994516410472,47.85768877562583
0.08500000000000006, 7.280626940290365, 99.96907048641205,46.943720925849796
0.08600000000000006, 7.2915102603629975, 100.56836990813903,46.22348351046816
0.08700000000000006, 7.305254544195645, 101.10823860040146,45.69451922024466
0.08800000000000006, 7.3219107506518855, 101.5893614944437,45.35805095687898
0.08900000000000007, 7.341518603873411, 102.01270537909693,45.219496673663684
0.09000000000000007, 7.364106464902882, 102.379509889717,45.289267724563196
0.09100000000000007, 7.389691017311726, 102.6912780427519,45.583979847616526
0.09200000000000007, 7.41827672310579, 102.94976717079705,46.12828496103692
0.09300000000000007, 7.449854983710188, 103.15698137912896,46.95767053372981
0.09400000000000007, 7.484402908276363, 103.31516702442309,48.122825499921746
0.09500000000000007, 7.5, 103.72856502988161,47.52177330967686
0.09600000000000007, 7.5, 104.3442726366158,45.450017678452376
0.09700000000000007, 7.5, 104.94117792216781,43.48407014281843
0.09800000000000007, 7.5, 105.51971619866228,41.619826723247336
0.09900000000000007, 7.5, 106.08031594781441,39.85329132789073
0.10000000000000007, 7.5, 106.62339887674688,38.18057428245274
0.10100000000000008, 7.5, 107.14937997377055,36.59789086146827
0.10200000000000008, 7.5, 107.65866756412886,35.10155982099719
0.10300000000000008, 7.5, 108.15166336570555,33.688001932745195
0.10400000000000008, 7.5, 108.62876254469575,32.35373851962234
0.10500000000000008, 7.5, 109.09035377123993,31.0953899927503
0.10600000000000008, 7.5, 109.53681927502087,29.909674389929446
0.10700000000000008, 7.5, 109.96853490082299,28.793405915577242
0.10800000000000008, 7.5, 110.38587016405414,27.743493482149134
0.10900000000000008, 7.5, 110.78918830622969,26.756939253053623
0.11000000000000008, 7.5, 111.17884635041824,25.830837187073076
0.11100000000000008, 7.5, 111.55519515664932,24.962371584302034
0.11200000000000009, 7.5, 111.91857947728238,24.148815633614763
0.11300000000000009, 7.5, 112.26933801233709,23.387529961674066
0.11400000000000009, 7.5, 112.60780346478467,22.675961183493197
0.11500000000000009, 7.5, 112.93430259579993,22.011640454563064
0.11600000000000009, 7.5, 113.2491562799739,21.392182024556703
0.11700000000000009, 7.5, 113.5526795604867,20.81528179262327
0.11800000000000009, 7.5, 113.84518170424043,20.278715864283647
0.11900000000000009, 7.5, 114.12696625695197,19.780339109939924
0.12000000000000009, 7.5, 114.39833109820519,19.31808372501087
0.1210000000000001, 7.5, 114.65956849646251,18.889957791705623
0.1220000000000001, 7.5, 114.91096516403552,18.49404384244762
0.1230000000000001, 7.5, 115.15280231201423,18.12849742496085
0.1240000000000001, 7.5, 115.38535570515506,17.7915456690303
0.12500000000000008, 7.5, 115.60889571672676,17.481485854948314
0.12600000000000008, 7.5, 115.82368738331459,17.196683983658506
0.12700000000000009, 7.5, 116.02999045958198,16.935573348608422
0.12800000000000009, 7.5, 116.22805947298971,16.69665310932205
0.1290000000000001, 7.5, 116.41814377847217,16.478486866702756
0.1300000000000001, 7.5, 116.60048761307051,16.279701240076875
0.1310000000000001, 7.5, 116.77533015052228,16.098984445987636
0.1320000000000001, 7.5, 116.94290555580737,15.93508487874848
0.1330000000000001, 7.5, 117.10344303964996,15.786809692764088
0.1340000000000001, 7.5, 117.25716691297602,15.653023386626622
0.1350000000000001, 7.5, 117.40429664132627,15.532646388993605
0.1360000000000001, 7.5, 117.54504689922419,15.42465364625277
0.1370000000000001, 7.5, 117.67962762449876,15.328073211977813
0.1380000000000001, 7.5, 117.80824407256156,15.241984838177318
0.1390000000000001, 7.5, 117.93109687063806,15.165518568337397
0.1400000000000001, 7.5, 118.04838207195269,15.097853332256276
0.1410000000000001, 7.5, 118.1602912098673,15.038215542666636
0.1420000000000001, 7.5, 118.26701135197281,14.985877693638491
0.1430000000000001, 7.5, 118.36872515413364,14.940156960751985
0.1440000000000001, 7.5, 118.46561091448449,14.900413803025417
0.1450000000000001, 7.5, 118.55784262737937,14.86605056657913
0.1460000000000001, 7.5, 118.64559003729228,14.836510090010277
0.1470000000000001, 7.5, 118.72901869266924,14.811274311447027
0.1480000000000001, 7.5, 118.80828999973157,14.789862877242985
0.1490000000000001, 7.5, 118.88356127622951,14.771831752263576
0.1500000000000001, 7.5, 118.95498580514653,14.756771831705223
0.1510000000000001, 7.5, 119.02271288835321,14.744307554375283
0.1520000000000001, 7.5, 119.08688790021095,14.734095517345278
0.1530000000000001, 7.5, 119.14765234112475,14.725823091871362
0.1540000000000001, 7.5, 119.2051438910447,14.719207040453599
0.1550000000000001, 7.5, 119.25949646291603,14.713992134878424
0.1560000000000001, 7.5, 119.31084025607714,14.709949775055652
0.1570000000000001, 7.5, 119.35930180960504,14.70687660842084
0.1580000000000001, 7.5, 119.40500405560826,14.704593149624213
0.1590000000000001, 7.5, 119.44806637246637,14.702942400166407
0.16000000000000011, 7.5, 119.48860463801604,14.701788467567065
0.16100000000000012, 7.5, 119.52673128268295,14.701015183564257
0.16200000000000012, 7.5, 119.56255534255915,14.700524720748401
0.16300000000000012, 7.5, 119.59618251242588,14.700236206976005
0.16400000000000012, 7.5, 119.6277151987208,14.700084337115815
0.16500000000000012, 7.5, 119.65725257244948,14.70001798369504
0.16600000000000012, 7.5, 119.68489062204092,14.699998829367672
0.16700000000000012, 7.5, 119.71072220614643,14.700000959243766
0.16800000000000012, 7.5, 119.73483710638118,14.699999144500676
0.16900000000000012, 7.5, 119.75732208000868,14.700000799694518
0.17000000000000012, 7.5, 119.77826091256706,14.69999923187799
0.17100000000000012, 7.5, 119.79773447043709,14.700000749732462
0.17200000000000013, 7.5, 119.81582075335126,14.69999926116362
0.17300000000000013, 7.5, 119.83259494684387,14.700000732313958
0.17400000000000013, 7.5, 119.8481294746411,14.699999271614443
0.17500000000000013, 7.5, 119.8624940509912,14.700000726010714
0.17600000000000013, 7.5, 119.87575573293391,14.699999275428183
0.17700000000000013, 7.5, 119.88797897250893,14.700000723698809
0.17800000000000013, 7.5, 119.89922566890311,14.6999992768313
0.17900000000000013, 7.5, 119.90955522053551,14.700000722846644
0.18000000000000013, 7.5, 119.91902457708035,14.699999277349072
0.18100000000000013, 7.5, 119.92768829142723,14.700000722531964
0.18200000000000013, 7.5, 119.93559857157844,14.69999927754035
0.18300000000000013, 7.5, 119.94280533248258,14.700000722415687
0.18400000000000014, 7.5, 119.94935624780462,14.69999927761104
0.18500000000000014, 7.5, 119.95529680163175,14.700000722372708
0.18600000000000014, 7.5, 119.96067034011483,14.69999927763717
0.18700000000000014, 7.5, 119.96551812304521,14.700000722356823
0.18800000000000014, 7.5, 119.96987937536656,14.69999927764683
0.18900000000000014, 7.5, 119.9737913386216,14.700000722350948
0.19000000000000014, 7.5, 119.97728932233366,14.6999992776504
0.19100000000000014, 7.5, 119.98040675532285,14.700000722348777
0.19200000000000014, 7.5, 119.9831752369569,14.699999277651719
0.19300000000000014, 7.5, 119.98562458833676,14.700000722347975
0.19400000000000014, 7.5, 119.98778290341697,14.699999277652209
0.19500000000000015, 7.5, 119.98967660006139,14.70000072234768
0.19600000000000015, 7.5, 119.9913304710342,14.699999277652388
0.19700000000000015, 7.5, 119.99276773492728,14.700000722347568
0.19800000000000015, 7.5, 119.99401008702421,14.699999277652454
0.19900000000000015, 7.5, 119.995077750102,14.700000722347529
0.20000000000000015, 7.5, 119.99598952517184,14.699999277652479
0.20100000000000015, 7.5, 119.99676284216001,14.700000722347513
0.20200000000000015, 7.5, 119.99741381053106,14.69999927765249
0.20300000000000015, 7.5, 119.9979572698551,14.700000722347507
0.20400000000000015, 7.5, 119.99840684032223,14.699999277652493
0.20500000000000015, 7.5, 119.99877497320684,14.700000722347504
0.20600000000000016, 7.5, 119.99907300128629,14.699999277652497
0.20700000000000016, 7.5, 119.99931118921815,14.700000722347502
0.20800000000000016, 7.5, 119.999498783882,14.699999277652497
0.20900000000000016, 7.5, 119.99964406469272,14.700000722347502
0.21000000000000016, 7.5, 119.99975439389354,14.699999277652497
0.21100000000000016, 7.5, 119.99983626683937,14.700000722347502
0.21200000000000016, 7.5, 119.99989536228264,14.699999277652497
0.21300000000000016, 7.5, 119.99993659267719,14.700000722347502
0.21400000000000016, 7.5, 119.99996415451817,14.699999277652497
0.21500000000000016, 7.5, 119.99998157874063,14.700000722347502
0.21600000000000016, 7.5, 119.99999178119974,14.699999277652497
0.21700000000000016, 7.5, 119.99999711324843,14.700000722347502
0.21800000000000017, 7.5, 119.99999941234543,14.699999277652497
0.21900000000000017, 7.5, 120.00000005173024,14.700000722347502
0.22000000000000017, 7.5, 119.99999996110719,14.699999277652497
0.22100000000000017, 7.5, 120.0000000331587,14.700000722347502
0.22200000000000017, 7.5, 119.99999996977924,14.699999277652497
0.22300000000000017, 7.5, 120.00000002860314,14.700000722347502
0.22400000000000017, 7.5, 119.99999997232436,14.699999277652497
0.22500000000000017, 7.5, 120.0000000271312,14.700000722347502
0.22600000000000017, 7.5, 119.9999999731929,14.699999277652497
0.22700000000000017, 7.5, 120.00000002661255,14.700000722347502
0.22800000000000017, 7.5, 119.99999997350481,14.699999277652497
0.22900000000000018, 7.5, 120.00000002642416,14.700000722347502
0.23000000000000018, 7.5, 119.9999999736189,14.699999277652497
0.23100000000000018, 7.5, 120.00000002635495,14.700000722347502
0.23200000000000018, 7.5, 119.99999997366095,14.699999277652497
0.23300000000000018, 7.5, 120.00000002632942,14.700000722347502
0.23400000000000018, 7.5, 119.99999997367644,14.699999277652497
0.23500000000000018, 7.5, 120.00000002632001,14.700000722347502
0.23600000000000018, 7.5, 119.99999997368216,14.699999277652497
0.23700000000000018, 7.5, 120.00000002631653,14.700000722347502
0.23800000000000018, 7.5, 119.99999997368427,14.699999277652497
0.23900000000000018, 7.5, 120.00000002631523,14.700000722347502
0.24000000000000019, 7.5, 119.99999997368505,14.699999277652497
0.2410000000000002, 7.5, 120.00000002631477,14.700000722347502
0.2420000000000002, 7.5, 119.99999997368535,14.699999277652497
0.2430000000000002, 7.5, 120.0000000263146,14.700000722347502
0.2440000000000002, 7.5, 119.99999997368545,14.699999277652497
0.2450000000000002, 7.5, 120.00000002631452,14.700000722347502
0.2460000000000002, 7.5, 119.9999999736855,14.699999277652497
0.2470000000000002, 7.5, 120.00000002631447,14.700000722347502
0.2480000000000002, 7.5, 119.99999997368553,14.699999277652497
0.2490000000000002, 7.5, 120.00000002631447,14.700000722347502
0.25000000000000017, 7.5, 119.99999997368553,14.699999277652497
0.25100000000000017, 7.5, 120.00000002631447,14.700000722347502
0.25200000000000017, 7.5, 119.99999997368553,14.699999277652497
0.25300000000000017, 7.5, 120.00000002631447,14.700000722347502
0.25400000000000017, 7.5, 119.99999997368553,14.699999277652497
0.25500000000000017, 7.5, 120.00000002631447,14.700000722347502
0.25600000000000017, 7.5, 119.99999997368553,14.699999277652497
0.2570000000000002, 7.5, 120.00000002631447,14.700000722347502
0.2580000000000002, 7.5, 119.99999997368553,14.699999277652497
0.2590000000000002, 7.5, 120.00000002631447,14.700000722347502
0.2600000000000002, 7.5, 119.99999997368553,14.699999277652497
0.2610000000000002, 7.5, 120.00000002631447,14.700000722347502
0.2620000000000002, 7.5, 119.99999997368553,14.699999277652497
0.2630000000000002, 7.5, 120.00000002631447,14.700000722347502
0.2640000000000002, 7.5, 119.99999997368553,14.699999277652497
0.2650000000000002, 7.5, 120.00000002631447,14.700000722347502
0.2660000000000002, 7.5, 119.99999997368553,14.699999277652497
0.2670000000000002, 7.5, 120.00000002631447,14.700000722347502
0.2680000000000002, 7.5, 119.99999997368553,14.699999277652497
0.2690000000000002, 7.5, 120.00000002631447,14.700000722347502
0.2700000000000002, 7.5, 119.99999997368553,14.699999277652497
0.2710000000000002, 7.5, 120.00000002631447,14.700000722347502
0.2720000000000002, 7.5, 119.99999997368553,14.699999277652497
0.2730000000000002, 7.5, 120.00000002631447,14.700000722347502
0.2740000000000002, 7.5, 119.99999997368553,14.699999277652497
0.2750000000000002, 7.5, 120.00000002631447,14.700000722347502
0.2760000000000002, 7.5, 119.99999997368553,14.699999277652497
0.2770000000000002, 7.5, 120.00000002631447,14.700000722347502
0.2780000000000002, 7.5, 119.99999997368553,14.699999277652497
0.2790000000000002, 7.5, 120.00000002631447,14.700000722347502
0.2800000000000002, 7.5, 119.99999997368553,14.699999277652497
0.2810000000000002, 7.5, 120.00000002631447,14.700000722347502
0.2820000000000002, 7.5, 119.99999997368553,14.699999277652497
0.2830000000000002, 7.5, 120.00000002631447,14.700000722347502
0.2840000000000002, 7.5, 119.99999997368553,14.699999277652497
0.2850000000000002, 7.5, 120.00000002631447,14.700000722347502
0.2860000000000002, 7.5, 119.99999997368553,14.699999277652497
0.2870000000000002, 7.5, 120.00000002631447,14.700000722347502
0.2880000000000002, 7.5, 119.99999997368553,14.699999277652497
0.2890000000000002, 7.5, 120.00000002631447,14.700000722347502
0.2900000000000002, 7.5, 119.99999997368553,14.699999277652497
0.2910000000000002, 7.5, 120.00000002631447,14.700000722347502
0.2920000000000002, 7.5, 119.99999997368553,14.699999277652497
0.2930000000000002, 7.5, 120.00000002631447,14.700000722347502
0.2940000000000002, 7.5, 119.99999997368553,14.699999277652497
0.2950000000000002, 7.5, 120.00000002631447,14.700000722347502
0.2960000000000002, 7.5, 119.99999997368553,14.699999277652497
0.2970000000000002, 7.5, 120.00000002631447,14.700000722347502
0.2980000000000002, 7.5, 119.99999997368553,14.699999277652497
0.2990000000000002, 7.5, 120.00000002631447,14.700000722347502
0.3000000000000002, 7.5, 119.99999997368553,14.699999277652497
0.3010000000000002, 7.5, 120.00000002631447,14.700000722347502
0.3020000000000002, 7.5, 119.99999997368553,14.699999277652497
0.3030000000000002, 7.5, 120.00000002631447,14.700000722347502
0.3040000000000002, 7.5, 119.99999997368553,14.699999277652497
0.3050000000000002, 7.5, 120.00000002631447,14.700000722347502
0.3060000000000002, 7.5, 119.99999997368553,14.699999277652497
0.3070000000000002, 7.5, 120.00000002631447,14.700000722347502
0.3080000000000002, 7.5, 119.99999997368553,14.699999277652497
0.3090000000000002, 7.5, 120.00000002631447,14.700000722347502
0.3100000000000002, 7.5, 119.99999997368553,14.699999277652497
0.3110000000000002, 7.5, 120.00000002631447,14.700000722347502
0.3120000000000002, 7.5, 119.99999997368553,14.699999277652497
0.3130000000000002, 7.5, 120.00000002631447,14.700000722347502
0.3140000000000002, 7.5, 119.99999997368553,14.699999277652497
0.3150000000000002, 7.5, 120.00000002631447,14.700000722347502
0.3160000000000002, 7.5, 119.99999997368553,14.699999277652497
0.3170000000000002, 7.5, 120.00000002631447,14.700000722347502
0.3180000000000002, 7.5, 119.99999997368553,14.699999277652497
0.31900000000000023, 7.5, 120.00000002631447,14.700000722347502
0.32000000000000023, 7.5, 119.99999997368553,14.699999277652497
0.32100000000000023, 7.5, 120.00000002631447,14.700000722347502
0.32200000000000023, 7.5, 119.99999997368553,14.699999277652497
0.32300000000000023, 7.5, 120.00000002631447,14.700000722347502
0.32400000000000023, 7.5, 119.99999997368553,14.699999277652497
0.32500000000000023, 7.5, 120.00000002631447,14.700000722347502
0.32600000000000023, 7.5, 119.99999997368553,14.699999277652497
0.32700000000000023, 7.5, 120.00000002631447,14.700000722347502
0.32800000000000024, 7.5, 119.99999997368553,14.699999277652497
0.32900000000000024, 7.5, 120.00000002631447,14.700000722347502
0.33000000000000024, 7.5, 119.99999997368553,14.699999277652497
0.33100000000000024, 7.5, 120.00000002631447,14.700000722347502
0.33200000000000024, 7.5, 119.99999997368553,14.699999277652497
0.33300000000000024, 7.5, 120.00000002631447,14.700000722347502
0.33400000000000024, 7.5, 119.99999997368553,14.699999277652497
0.33500000000000024, 7.5, 120.00000002631447,14.700000722347502
0.33600000000000024, 7.5, 119.99999997368553,14.699999277652497
0.33700000000000024, 7.5, 120.00000002631447,14.700000722347502
0.33800000000000024, 7.5, 119.99999997368553,14.699999277652497
0.33900000000000025, 7.5, 120.00000002631447,14.700000722347502
0.34000000000000025, 7.5, 119.99999997368553,14.699999277652497
0.34100000000000025, 7.5, 120.00000002631447,14.700000722347502
0.34200000000000025, 7.5, 119.99999997368553,14.699999277652497
0.34300000000000025, 7.5, 120.00000002631447,14.700000722347502
0.34400000000000025, 7.5, 119.99999997368553,14.699999277652497
0.34500000000000025, 7.5, 120.00000002631447,14.700000722347502
0.34600000000000025, 7.5, 119.99999997368553,14.699999277652497
0.34700000000000025, 7.5, 120.00000002631447,14.700000722347502
0.34800000000000025, 7.5, 119.99999997368553,14.699999277652497
0.34900000000000025, 7.5, 120.00000002631447,14.700000722347502
0.35000000000000026, 7.5, 119.99999997368553,14.699999277652497
0.35100000000000026, 7.5, 120.00000002631447,14.700000722347502
0.35200000000000026, 7.5, 119.99999997368553,14.699999277652497
0.35300000000000026, 7.5, 120.00000002631447,14.700000722347502
0.35400000000000026, 7.5, 119.99999997368553,14.699999277652497
0.35500000000000026, 7.5, 120.00000002631447,14.700000722347502
0.35600000000000026, 7.5, 119.99999997368553,14.699999277652497
0.35700000000000026, 7.5, 120.00000002631447,14.700000722347502
0.35800000000000026, 7.5, 119.99999997368553,14.699999277652497
0.35900000000000026, 7.5, 120.00000002631447,14.700000722347502
0.36000000000000026, 7.5, 119.99999997368553,14.699999277652497
0.36100000000000027, 7.5, 120.00000002631447,14.700000722347502
0.36200000000000027, 7.5, 119.99999997368553,14.699999277652497
0.36300000000000027, 7.5, 120.00000002631447,14.700000722347502
0.36400000000000027, 7.5, 119.99999997368553,14.699999277652497
0.36500000000000027, 7.5, 120.00000002631447,14.700000722347502
0.36600000000000027, 7.5, 119.99999997368553,14.699999277652497
0.36700000000000027, 7.5, 120.00000002631447,14.700000722347502
0.36800000000000027, 7.5, 119.99999997368553,14.699999277652497
0.36900000000000027, 7.5, 120.00000002631447,14.700000722347502
0.3700000000000003, 7.5, 119.99999997368553,14.699999277652497
0.3710000000000003, 7.5, 120.00000002631447,14.700000722347502
0.3720000000000003, 7.5, 119.99999997368553,14.699999277652497
0.3730000000000003, 7.5, 120.00000002631447,14.700000722347502
0.3740000000000003, 7.5, 119.99999997368553,14.699999277652497
0.3750000000000003, 7.5, 120.00000002631447,14.700000722347502
0.3760000000000003, 7.5, 119.99999997368553,14.699999277652497
0.3770000000000003, 7.5, 120.00000002631447,14.700000722347502
0.3780000000000003, 7.5, 119.99999997368553,14.699999277652497
0.3790000000000003, 7.5, 120.00000002631447,14.700000722347502
0.3800000000000003, 7.5, 119.99999997368553,14.699999277652497
0.3810000000000003, 7.5, 120.00000002631447,14.700000722347502
0.3820000000000003, 7.5, 119.99999997368553,14.699999277652497
0.3830000000000003, 7.5, 120.00000002631447,14.700000722347502
0.3840000000000003, 7.5, 119.99999997368553,14.699999277652497
0.3850000000000003, 7.5, 120.00000002631447,14.700000722347502
0.3860000000000003, 7.5, 119.99999997368553,14.699999277652497
0.3870000000000003, 7.5, 120.00000002631447,14.700000722347502
0.3880000000000003, 7.5, 119.99999997368553,14.699999277652497
0.3890000000000003, 7.5, 120.00000002631447,14.700000722347502
0.3900000000000003, 7.5, 119.99999997368553,14.699999277652497
0.3910000000000003, 7.5, 120.00000002631447,14.700000722347502
0.3920000000000003, 7.5, 119.99999997368553,14.699999277652497
0.3930000000000003, 7.5, 120.00000002631447,14.700000722347502
0.3940000000000003, 7.5, 119.99999997368553,14.699999277652497
0.3950000000000003, 7.5, 120.00000002631447,14.700000722347502
0.3960000000000003, 7.5, 119.99999997368553,14.699999277652497
0.3970000000000003, 7.5, 120.00000002631447,14.700000722347502
0.3980000000000003, 7.5, 119.99999997368553,14.699999277652497
0.3990000000000003, 7.5, 120.00000002631447,14.700000722347502
0.4000000000000003, 7.5, 119.99999997368553,14.699999277652497
0.4010000000000003, 7.5, 120.00000002631447,14.700000722347502
0.4020000000000003, 7.5, 119.99999997368553,14.699999277652497
0.4030000000000003, 7.5, 120.00000002631447,14.700000722347502
0.4040000000000003, 7.5, 119.99999997368553,14.699999277652497
0.4050000000000003, 7.5, 120.00000002631447,14.700000722347502
0.4060000000000003, 7.5, 119.99999997368553,14.699999277652497
0.4070000000000003, 7.5, 120.00000002631447,14.700000722347502
0.4080000000000003, 7.5, 119.99999997368553,14.699999277652497
0.4090000000000003, 7.5, 120.00000002631447,14.700000722347502
0.4100000000000003, 7.5, 119.99999997368553,14.699999277652497
0.4110000000000003, 7.5, 120.00000002631447,14.700000722347502
0.4120000000000003, 7.5, 119.99999997368553,14.699999277652497
0.4130000000000003, 7.5, 120.00000002631447,14.700000722347502
0.4140000000000003, 7.5, 119.99999997368553,14.699999277652497
0.4150000000000003, 7.5, 120.00000002631447,14.700000722347502
0.4160000000000003, 7.5, 119.99999997368553,14.699999277652497
0.4170000000000003, 7.5, 120.00000002631447,14.700000722347502
0.4180000000000003, 7.5, 119.99999997368553,14.699999277652497
0.4190000000000003, 7.5, 120.00000002631447,14.700000722347502
0.4200000000000003, 7.5, 119.99999997368553,14.699999277652497
0.4210000000000003, 7.5, 120.00000002631447,14.700000722347502
0.4220000000000003, 7.5, 119.99999997368553,14.699999277652497
0.4230000000000003, 7.5, 120.00000002631447,14.700000722347502
0.4240000000000003, 7.5, 119.99999997368553,14.699999277652497
0.4250000000000003, 7.5, 120.00000002631447,14.700000722347502
0.4260000000000003, 7.5, 119.99999997368553,14.699999277652497
0.4270000000000003, 7.5, 120.00000002631447,14.700000722347502
0.4280000000000003, 7.5, 119.99999997368553,14.699999277652497
0.4290000000000003, 7.5, 120.00000002631447,14.700000722347502
0.4300000000000003, 7.5, 119.99999997368553,14.699999277652497
0.4310000000000003, 7.5, 120.00000002631447,14.700000722347502
0.43200000000000033, 7.5, 119.99999997368553,14.699999277652497
0.43300000000000033, 7.5, 120.00000002631447,14.700000722347502
0.43400000000000033, 7.5, 119.99999997368553,14.699999277652497
0.43500000000000033, 7.5, 120.00000002631447,14.700000722347502
0.43600000000000033, 7.5, 119.99999997368553,14.699999277652497
0.43700000000000033, 7.5, 120.00000002631447,14.700000722347502
0.43800000000000033, 7.5, 119.99999997368553,14.699999277652497
0.43900000000000033, 7.5, 120.00000002631447,14.700000722347502
0.44000000000000034, 7.5, 119.99999997368553,14.699999277652497
0.44100000000000034, 7.5, 120.00000002631447,14.700000722347502
0.44200000000000034, 7.5, 119.99999997368553,14.699999277652497
0.44300000000000034, 7.5, 120.00000002631447,14.700000722347502
0.44400000000000034, 7.5, 119.99999997368553,14.699999277652497
0.44500000000000034, 7.5, 120.00000002631447,14.700000722347502
0.44600000000000034, 7.5, 119.99999997368553,14.699999277652497
0.44700000000000034, 7.5, 120.00000002631447,14.700000722347502
0.44800000000000034, 7.5, 119.99999997368553,14.699999277652497
0.44900000000000034, 7.5, 120.00000002631447,14.700000722347502
0.45000000000000034, 7.5, 119.99999997368553,14.699999277652497
0.45100000000000035, 7.5, 120.00000002631447,14.700000722347502
0.45200000000000035, 7.5, 119.99999997368553,14.699999277652497
0.45300000000000035, 7.5, 120.00000002631447,14.700000722347502
0.45400000000000035, 7.5, 119.99999997368553,14.699999277652497
0.45500000000000035, 7.5, 120.00000002631447,14.700000722347502
0.45600000000000035, 7.5, 119.99999997368553,14.699999277652497
0.45700000000000035, 7.5, 120.00000002631447,14.700000722347502
0.45800000000000035, 7.5, 119.99999997368553,14.699999277652497
0.45900000000000035, 7.5, 120.00000002631447,14.700000722347502
0.46000000000000035, 7.5, 119.99999997368553,14.699999277652497
0.46100000000000035, 7.5, 120.00000002631447,14.700000722347502
0.46200000000000035, 7.5, 119.99999997368553,14.699999277652497
0.46300000000000036, 7.5, 120.00000002631447,14.700000722347502
0.46400000000000036, 7.5, 119.99999997368553,14.699999277652497
0.46500000000000036, 7.5, 120.00000002631447,14.700000722347502
0.46600000000000036, 7.5, 119.99999997368553,14.699999277652497
0.46700000000000036, 7.5, 120.00000002631447,14.700000722347502
0.46800000000000036, 7.5, 119.99999997368553,14.699999277652497
0.46900000000000036, 7.5, 120.00000002631447,14.700000722347502
0.47000000000000036, 7.5, 119.99999997368553,14.699999277652497
0.47100000000000036, 7.5, 120.00000002631447,14.700000722347502
0.47200000000000036, 7.5, 119.99999997368553,14.699999277652497
0.47300000000000036, 7.5, 120.00000002631447,14.700000722347502
0.47400000000000037, 7.5, 119.99999997368553,14.699999277652497
0.47500000000000037, 7.5, 120.00000002631447,14.700000722347502
0.47600000000000037, 7.5, 119.99999997368553,14.699999277652497
0.47700000000000037, 7.5, 120.00000002631447,14.700000722347502
0.47800000000000037, 7.5, 119.99999997368553,14.699999277652497
0.47900000000000037, 7.5, 120.00000002631447,14.700000722347502
0.48000000000000037, 7.5, 119.99999997368553,14.699999277652497
0.48100000000000037, 7.5, 120.00000002631447,14.700000722347502
0.4820000000000004, 7.5, 119.99999997368553,14.699999277652497
0.4830000000000004, 7.5, 120.00000002631447,14.700000722347502
0.4840000000000004, 7.5, 119.99999997368553,14.699999277652497
0.4850000000000004, 7.5, 120.00000002631447,14.700000722347502
0.4860000000000004, 7.5, 119.99999997368553,14.699999277652497
0.4870000000000004, 7.5, 120.00000002631447,14.700000722347502
0.4880000000000004, 7.5, 119.99999997368553,14.699999277652497
0.4890000000000004, 7.5, 120.00000002631447,14.700000722347502
0.4900000000000004, 7.5, 119.99999997368553,14.699999277652497
0.4910000000000004, 7.5, 120.00000002631447,14.700000722347502
0.4920000000000004, 7.5, 119.99999997368553,14.699999277652497
0.4930000000000004, 7.5, 120.00000002631447,14.700000722347502
0.4940000000000004, 7.5, 119.99999997368553,14.699999277652497
0.4950000000000004, 7.5, 120.00000002631447,14.700000722347502
0.4960000000000004, 7.5, 119.99999997368553,14.699999277652497
0.4970000000000004, 7.5, 120.00000002631447,14.700000722347502
0.4980000000000004, 7.5, 119.99999997368553,14.699999277652497
0.4990000000000004, 7.5, 120.00000002631447,14.700000722347502
0.5000000000000003, 7.5, 119.99999997368553,14.699999277652497
0.5010000000000003, 7.5, 120.00000002631447,14.700000722347502
0.5020000000000003, 7.5, 119.99999997368553,14.699999277652497
0.5030000000000003, 7.5, 120.00000002631447,14.700000722347502
0.5040000000000003, 7.5, 119.99999997368553,14.699999277652497
0.5050000000000003, 7.5, 120.00000002631447,14.700000722347502
0.5060000000000003, 7.5, 119.99999997368553,14.699999277652497
0.5070000000000003, 7.5, 120.00000002631447,14.700000722347502
0.5080000000000003, 7.5, 119.99999997368553,14.699999277652497
0.5090000000000003, 7.5, 120.00000002631447,14.700000722347502
0.5100000000000003, 7.5, 119.99999997368553,14.699999277652497
0.5110000000000003, 7.5, 120.00000002631447,14.700000722347502
0.5120000000000003, 7.5, 119.99999997368553,14.699999277652497
0.5130000000000003, 7.5, 120.00000002631447,14.700000722347502
0.5140000000000003, 7.5, 119.99999997368553,14.699999277652497
0.5150000000000003, 7.5, 120.00000002631447,14.700000722347502
0.5160000000000003, 7.5, 119.99999997368553,14.699999277652497
0.5170000000000003, 7.5, 120.00000002631447,14.700000722347502
0.5180000000000003, 7.5, 119.99999997368553,14.699999277652497
0.5190000000000003, 7.5, 120.00000002631447,14.700000722347502
0.5200000000000004, 7.5, 119.99999997368553,14.699999277652497
0.5210000000000004, 7.5, 120.00000002631447,14.700000722347502
0.5220000000000004, 7.5, 119.99999997368553,14.699999277652497
0.5230000000000004, 7.5, 120.00000002631447,14.700000722347502
0.5240000000000004, 7.5, 119.99999997368553,14.699999277652497
0.5250000000000004, 7.5, 120.00000002631447,14.700000722347502
0.5260000000000004, 7.5, 119.99999997368553,14.699999277652497
0.5270000000000004, 7.5, 120.00000002631447,14.700000722347502
0.5280000000000004, 7.5, 119.99999997368553,14.699999277652497
0.5290000000000004, 7.5, 120.00000002631447,14.700000722347502
0.5300000000000004, 7.5, 119.99999997368553,14.699999277652497
0.5310000000000004, 7.5, 120.00000002631447,14.700000722347502
0.5320000000000004, 7.5, 119.99999997368553,14.699999277652497
0.5330000000000004, 7.5, 120.00000002631447,14.700000722347502
0.5340000000000004, 7.5, 119.99999997368553,14.699999277652497
0.5350000000000004, 7.5, 120.00000002631447,14.700000722347502
0.5360000000000004, 7.5, 119.99999997368553,14.699999277652497
0.5370000000000004, 7.5, 120.00000002631447,14.700000722347502
0.5380000000000004, 7.5, 119.99999997368553,14.699999277652497
0.5390000000000004, 7.5, 120.00000002631447,14.700000722347502
0.5400000000000004, 7.5, 119.99999997368553,14.699999277652497
0.5410000000000004, 7.5, 120.00000002631447,14.700000722347502
0.5420000000000004, 7.5, 119.99999997368553,14.699999277652497
0.5430000000000004, 7.5, 120.00000002631447,14.700000722347502
0.5440000000000004, 7.5, 119.99999997368553,14.699999277652497
0.5450000000000004, 7.5, 120.00000002631447,14.700000722347502
0.5460000000000004, 7.5, 119.99999997368553,14.699999277652497
0.5470000000000004, 7.5, 120.00000002631447,14.700000722347502
0.5480000000000004, 7.5, 119.99999997368553,14.699999277652497
0.5490000000000004, 7.5, 120.00000002631447,14.700000722347502
0.5500000000000004, 7.5, 119.99999997368553,14.699999277652497
0.5510000000000004, 7.5, 120.00000002631447,14.700000722347502
0.5520000000000004, 7.5, 119.99999997368553,14.699999277652497
0.5530000000000004, 7.5, 120.00000002631447,14.700000722347502
0.5540000000000004, 7.5, 119.99999997368553,14.699999277652497
0.5550000000000004, 7.5, 120.00000002631447,14.700000722347502
0.5560000000000004, 7.5, 119.99999997368553,14.699999277652497
0.5570000000000004, 7.5, 120.00000002631447,14.700000722347502
0.5580000000000004, 7.5, 119.99999997368553,14.699999277652497
0.5590000000000004, 7.5, 120.00000002631447,14.700000722347502
0.5600000000000004, 7.5, 119.99999997368553,14.699999277652497
0.5610000000000004, 7.5, 120.00000002631447,14.700000722347502
0.5620000000000004, 7.5, 119.99999997368553,14.699999277652497
0.5630000000000004, 7.5, 120.00000002631447,14.700000722347502
0.5640000000000004, 7.5, 119.99999997368553,14.699999277652497
0.5650000000000004, 7.5, 120.00000002631447,14.700000722347502
0.5660000000000004, 7.5, 119.99999997368553,14.699999277652497
0.5670000000000004, 7.5, 120.00000002631447,14.700000722347502
0.5680000000000004, 7.5, 119.99999997368553,14.699999277652497
0.5690000000000004, 7.5, 120.00000002631447,14.700000722347502
0.5700000000000004, 7.5, 119.99999997368553,14.699999277652497
0.5710000000000004, 7.5, 120.00000002631447,14.700000722347502
0.5720000000000004, 7.5, 119.99999997368553,14.699999277652497
0.5730000000000004, 7.5, 120.00000002631447,14.700000722347502
0.5740000000000004, 7.5, 119.99999997368553,14.699999277652497
0.5750000000000004, 7.5, 120.00000002631447,14.700000722347502
0.5760000000000004, 7.5, 119.99999997368553,14.699999277652497
0.5770000000000004, 7.5, 120.00000002631447,14.700000722347502
0.5780000000000004, 7.5, 119.99999997368553,14.699999277652497
0.5790000000000004, 7.5, 120.00000002631447,14.700000722347502
0.5800000000000004, 7.5, 119.99999997368553,14.699999277652497
0.5810000000000004, 7.5, 120.00000002631447,14.700000722347502
0.5820000000000004, 7.5, 119.99999997368553,14.699999277652497
0.5830000000000004, 7.5, 120.00000002631447,14.700000722347502
0.5840000000000004, 7.5, 119.99999997368553,14.699999277652497
0.5850000000000004, 7.5, 120.00000002631447,14.700000722347502
0.5860000000000004, 7.5, 119.99999997368553,14.699999277652497
0.5870000000000004, 7.5, 120.00000002631447,14.700000722347502
0.5880000000000004, 7.5, 119.99999997368553,14.699999277652497
0.5890000000000004, 7.5, 120.00000002631447,14.700000722347502
0.5900000000000004, 7.5, 119.99999997368553,14.699999277652497
0.5910000000000004, 7.5, 120.00000002631447,14.700000722347502
0.5920000000000004, 7.5, 119.99999997368553,14.699999277652497
0.5930000000000004, 7.5, 120.00000002631447,14.700000722347502
0.5940000000000004, 7.5, 119.99999997368553,14.699999277652497
0.5950000000000004, 7.5, 120.00000002631447,14.700000722347502
0.5960000000000004, 7.5, 119.99999997368553,14.699999277652497
0.5970000000000004, 7.5, 120.00000002631447,14.700000722347502
0.5980000000000004, 7.5, 119.99999997368553,14.699999277652497
0.5990000000000004, 7.5, 120.00000002631447,14.700000722347502
0.6000000000000004, 7.5, 119.99999997368553,14.699999277652497
0.6010000000000004, 7.5, 120.00000002631447,14.700000722347502
0.6020000000000004, 7.5, 119.99999997368553,14.699999277652497
0.6030000000000004, 7.5, 120.00000002631447,14.700000722347502
0.6040000000000004, 7.5, 119.99999997368553,14.699999277652497
0.6050000000000004, 7.5, 120.00000002631447,14.700000722347502
0.6060000000000004, 7.5, 119.99999997368553,14.699999277652497
0.6070000000000004, 7.5, 120.00000002631447,14.700000722347502
0.6080000000000004, 7.5, 119.99999997368553,14.699999277652497
0.6090000000000004, 7.5, 120.00000002631447,14.700000722347502
0.6100000000000004, 7.5, 119.99999997368553,14.699999277652497
0.6110000000000004, 7.5, 120.00000002631447,14.700000722347502
0.6120000000000004, 7.5, 119.99999997368553,14.699999277652497
0.6130000000000004, 7.5, 120.00000002631447,14.700000722347502
0.6140000000000004, 7.5, 119.99999997368553,14.699999277652497
0.6150000000000004, 7.5, 120.00000002631447,14.700000722347502
0.6160000000000004, 7.5, 119.99999997368553,14.699999277652497
0.6170000000000004, 7.5, 120.00000002631447,14.700000722347502
0.6180000000000004, 7.5, 119.99999997368553,14.699999277652497
0.6190000000000004, 7.5, 120.00000002631447,14.700000722347502
0.6200000000000004, 7.5, 119.99999997368553,14.699999277652497
0.6210000000000004, 7.5, 120.00000002631447,14.700000722347502
0.6220000000000004, 7.5, 119.99999997368553,14.699999277652497
0.6230000000000004, 7.5, 120.00000002631447,14.700000722347502
0.6240000000000004, 7.5, 119.99999997368553,14.699999277652497
0.6250000000000004, 7.5, 120.00000002631447,14.700000722347502
0.6260000000000004, 7.5, 119.99999997368553,14.699999277652497
0.6270000000000004, 7.5, 120.00000002631447,14.700000722347502
0.6280000000000004, 7.5, 119.99999997368553,14.699999277652497
0.6290000000000004, 7.5, 120.00000002631447,14.700000722347502
0.6300000000000004, 7.5, 119.99999997368553,14.699999277652497
0.6310000000000004, 7.5, 120.00000002631447,14.700000722347502
0.6320000000000005, 7.5, 119.99999997368553,14.699999277652497
0.6330000000000005, 7.5, 120.00000002631447,14.700000722347502
0.6340000000000005, 7.5, 119.99999997368553,14.699999277652497
0.6350000000000005, 7.5, 120.00000002631447,14.700000722347502
0.6360000000000005, 7.5, 119.99999997368553,14.699999277652497
0.6370000000000005, 7.5, 120.00000002631447,14.700000722347502
0.6380000000000005, 7.5, 119.99999997368553,14.699999277652497
0.6390000000000005, 7.5, 120.00000002631447,14.700000722347502
0.6400000000000005, 7.5, 119.99999997368553,14.699999277652497
0.6410000000000005, 7.5, 120.00000002631447,14.700000722347502
0.6420000000000005, 7.5, 119.99999997368553,14.699999277652497
0.6430000000000005, 7.5, 120.00000002631447,14.700000722347502
0.6440000000000005, 7.5, 119.99999997368553,14.699999277652497
0.6450000000000005, 7.5, 120.00000002631447,14.700000722347502
0.6460000000000005, 7.5, 119.99999997368553,14.699999277652497
0.6470000000000005, 7.5, 120.00000002631447,14.700000722347502
0.6480000000000005, 7.5, 119.99999997368553,14.699999277652497
0.6490000000000005, 7.5, 120.00000002631447,14.700000722347502
0.6500000000000005, 7.5, 119.99999997368553,14.699999277652497
0.6510000000000005, 7.5, 120.00000002631447,14.700000722347502
0.6520000000000005, 7.5, 119.99999997368553,14.699999277652497
0.6530000000000005, 7.5, 120.00000002631447,14.700000722347502
0.6540000000000005, 7.5, 119.99999997368553,14.699999277652497
0.6550000000000005, 7.5, 120.00000002631447,14.700000722347502
0.6560000000000005, 7.5, 119.99999997368553,14.699999277652497
0.6570000000000005, 7.5, 120.00000002631447,14.700000722347502
0.6580000000000005, 7.5, 119.99999997368553,14.699999277652497
0.6590000000000005, 7.5, 120.00000002631447,14.700000722347502
0.6600000000000005, 7.5, 119.99999997368553,14.699999277652497
0.6610000000000005, 7.5, 120.00000002631447,14.700000722347502
0.6620000000000005, 7.5, 119.99999997368553,14.699999277652497
0.6630000000000005, 7.5, 120.00000002631447,14.700000722347502
0.6640000000000005, 7.5, 119.99999997368553,14.699999277652497
0.6650000000000005, 7.5, 120.00000002631447,14.700000722347502
0.6660000000000005, 7.5, 119.99999997368553,14.699999277652497
0.6670000000000005, 7.5, 120.00000002631447,14.700000722347502
0.6680000000000005, 7.5, 119.99999997368553,14.699999277652497
0.6690000000000005, 7.5, 120.00000002631447,14.700000722347502
0.6700000000000005, 7.5, 119.99999997368553,14.699999277652497
0.6710000000000005, 7.5, 120.00000002631447,14.700000722347502
0.6720000000000005, 7.5, 119.99999997368553,14.699999277652497
0.6730000000000005, 7.5, 120.00000002631447,14.700000722347502
0.6740000000000005, 7.5, 119.99999997368553,14.699999277652497
0.6750000000000005, 7.5, 120.00000002631447,14.700000722347502
0.6760000000000005, 7.5, 119.99999997368553,14.699999277652497
0.6770000000000005, 7.5, 120.00000002631447,14.700000722347502
0.6780000000000005, 7.5, 119.99999997368553,14.699999277652497
0.6790000000000005, 7.5, 120.00000002631447,14.700000722347502
0.6800000000000005, 7.5, 119.99999997368553,14.699999277652497
0.6810000000000005, 7.5, 120.00000002631447,14.700000722347502
0.6820000000000005, 7.5, 119.99999997368553,14.699999277652497
0.6830000000000005, 7.5, 120.00000002631447,14.700000722347502
0.6840000000000005, 7.5, 119.99999997368553,14.699999277652497
0.6850000000000005, 7.5, 120.00000002631447,14.700000722347502
0.6860000000000005, 7.5, 119.99999997368553,14.699999277652497
0.6870000000000005, 7.5, 120.00000002631447,14.700000722347502
0.6880000000000005, 7.5, 119.99999997368553,14.699999277652497
0.6890000000000005, 7.5, 120.00000002631447,14.700000722347502
0.6900000000000005, 7.5, 119.99999997368553,14.699999277652497
0.6910000000000005, 7.5, 120.00000002631447,14.700000722347502
0.6920000000000005, 7.5, 119.99999997368553,14.699999277652497
0.6930000000000005, 7.5, 120.00000002631447,14.700000722347502
0.6940000000000005, 7.5, 119.99999997368553,14.699999277652497
0.6950000000000005, 7.5, 120.00000002631447,14.700000722347502
0.6960000000000005, 7.5, 119.99999997368553,14.699999277652497
0.6970000000000005, 7.5, 120.00000002631447,14.700000722347502
0.6980000000000005, 7.5, 119.99999997368553,14.699999277652497
0.6990000000000005, 7.5, 120.00000002631447,14.700000722347502
0.7000000000000005, 7.5, 119.99999997368553,14.699999277652497
0.7010000000000005, 7.5, 120.00000002631447,14.700000722347502
0.7020000000000005, 7.5, 119.99999997368553,14.699999277652497
0.7030000000000005, 7.5, 120.00000002631447,14.700000722347502
0.7040000000000005, 7.5, 119.99999997368553,14.699999277652497
0.7050000000000005, 7.5, 120.00000002631447,14.700000722347502
0.7060000000000005, 7.5, 119.99999997368553,14.699999277652497
0.7070000000000005, 7.5, 120.00000002631447,14.700000722347502
0.7080000000000005, 7.5, 119.99999997368553,14.699999277652497
0.7090000000000005, 7.5, 120.00000002631447,14.700000722347502
0.7100000000000005, 7.5, 119.99999997368553,14.699999277652497
0.7110000000000005, 7.5, 120.00000002631447,14.700000722347502
0.7120000000000005, 7.5, 119.99999997368553,14.699999277652497
0.7130000000000005, 7.5, 120.00000002631447,14.700000722347502
0.7140000000000005, 7.5, 119.99999997368553,14.699999277652497
0.7150000000000005, 7.5, 120.00000002631447,14.700000722347502
0.7160000000000005, 7.5, 119.99999997368553,14.699999277652497
0.7170000000000005, 7.5, 120.00000002631447,14.700000722347502
0.7180000000000005, 7.5, 119.99999997368553,14.699999277652497
0.7190000000000005, 7.5, 120.00000002631447,14.700000722347502
0.7200000000000005, 7.5, 119.99999997368553,14.699999277652497
0.7210000000000005, 7.5, 120.00000002631447,14.700000722347502
0.7220000000000005, 7.5, 119.99999997368553,14.699999277652497
0.7230000000000005, 7.5, 120.00000002631447,14.700000722347502
0.7240000000000005, 7.5, 119.99999997368553,14.699999277652497
0.7250000000000005, 7.5, 120.00000002631447,14.700000722347502
0.7260000000000005, 7.5, 119.99999997368553,14.699999277652497
0.7270000000000005, 7.5, 120.00000002631447,14.700000722347502
0.7280000000000005, 7.5, 119.99999997368553,14.699999277652497
0.7290000000000005, 7.5, 120.00000002631447,14.700000722347502
0.7300000000000005, 7.5, 119.99999997368553,14.699999277652497
0.7310000000000005, 7.5, 120.00000002631447,14.700000722347502
0.7320000000000005, 7.5, 119.99999997368553,14.699999277652497
0.7330000000000005, 7.5, 120.00000002631447,14.700000722347502
0.7340000000000005, 7.5, 119.99999997368553,14.699999277652497
0.7350000000000005, 7.5, 120.00000002631447,14.700000722347502
0.7360000000000005, 7.5, 119.99999997368553,14.699999277652497
0.7370000000000005, 7.5, 120.00000002631447,14.700000722347502
0.7380000000000005, 7.5, 119.99999997368553,14.699999277652497
0.7390000000000005, 7.5, 120.00000002631447,14.700000722347502
0.7400000000000005, 7.5, 119.99999997368553,14.699999277652497
0.7410000000000005, 7.5, 120.00000002631447,14.700000722347502
0.7420000000000005, 7.5, 119.99999997368553,14.699999277652497
0.7430000000000005, 7.5, 120.00000002631447,14.700000722347502
0.7440000000000005, 7.5, 119.99999997368553,14.699999277652497
0.7450000000000006, 7.5, 120.00000002631447,14.700000722347502
0.7460000000000006, 7.5, 119.99999997368553,14.699999277652497
0.7470000000000006, 7.5, 120.00000002631447,14.700000722347502
0.7480000000000006, 7.5, 119.99999997368553,14.699999277652497
0.7490000000000006, 7.5, 120.00000002631447,14.700000722347502
0.7500000000000006, 7.5, 119.99999997368553,14.699999277652497
0.7510000000000006, 7.5, 120.00000002631447,14.700000722347502
0.7520000000000006, 7.5, 119.99999997368553,14.699999277652497
0.7530000000000006, 7.5, 120.00000002631447,14.700000722347502
0.7540000000000006, 7.5, 119.99999997368553,14.699999277652497
0.7550000000000006, 7.5, 120.00000002631447,14.700000722347502
0.7560000000000006, 7.5, 119.99999997368553,14.699999277652497
0.7570000000000006, 7.5, 120.00000002631447,14.700000722347502
0.7580000000000006, 7.5, 119.99999997368553,14.699999277652497
0.7590000000000006, 7.5, 120.00000002631447,14.700000722347502
0.7600000000000006, 7.5, 119.99999997368553,14.699999277652497
0.7610000000000006, 7.5, 120.00000002631447,14.700000722347502
0.7620000000000006, 7.5, 119.99999997368553,14.699999277652497
0.7630000000000006, 7.5, 120.00000002631447,14.700000722347502
0.7640000000000006, 7.5, 119.99999997368553,14.699999277652497
0.7650000000000006, 7.5, 120.00000002631447,14.700000722347502
0.7660000000000006, 7.5, 119.99999997368553,14.699999277652497
0.7670000000000006, 7.5, 120.00000002631447,14.700000722347502
0.7680000000000006, 7.5, 119.99999997368553,14.699999277652497
0.7690000000000006, 7.5, 120.00000002631447,14.700000722347502
0.7700000000000006, 7.5, 119.99999997368553,14.699999277652497
0.7710000000000006, 7.5, 120.00000002631447,14.700000722347502
0.7720000000000006, 7.5, 119.99999997368553,14.699999277652497
0.7730000000000006, 7.5, 120.00000002631447,14.700000722347502
0.7740000000000006, 7.5, 119.99999997368553,14.699999277652497
0.7750000000000006, 7.5, 120.00000002631447,14.700000722347502
0.7760000000000006, 7.5, 119.99999997368553,14.699999277652497
0.7770000000000006, 7.5, 120.00000002631447,14.700000722347502
0.7780000000000006, 7.5, 119.99999997368553,14.699999277652497
0.7790000000000006, 7.5, 120.00000002631447,14.700000722347502
0.7800000000000006, 7.5, 119.99999997368553,14.699999277652497
0.7810000000000006, 7.5, 120.00000002631447,14.700000722347502
0.7820000000000006, 7.5, 119.99999997368553,14.699999277652497
0.7830000000000006, 7.5, 120.00000002631447,14.700000722347502
0.7840000000000006, 7.5, 119.99999997368553,14.699999277652497
0.7850000000000006, 7.5, 120.00000002631447,14.700000722347502
0.7860000000000006, 7.5, 119.99999997368553,14.699999277652497
0.7870000000000006, 7.5, 120.00000002631447,14.700000722347502
0.7880000000000006, 7.5, 119.99999997368553,14.699999277652497
0.7890000000000006, 7.5, 120.00000002631447,14.700000722347502
0.7900000000000006, 7.5, 119.99999997368553,14.699999277652497
0.7910000000000006, 7.5, 120.00000002631447,14.700000722347502
0.7920000000000006, 7.5, 119.99999997368553,14.699999277652497
0.7930000000000006, 7.5, 120.00000002631447,14.700000722347502
0.7940000000000006, 7.5, 119.99999997368553,14.699999277652497
0.7950000000000006, 7.5, 120.00000002631447,14.700000722347502
0.7960000000000006, 7.5, 119.99999997368553,14.699999277652497
0.7970000000000006, 7.5, 120.00000002631447,14.700000722347502
0.7980000000000006, 7.5, 119.99999997368553,14.699999277652497
0.7990000000000006, 7.5, 120.00000002631447,14.700000722347502
0.8000000000000006, 7.5, 119.99999997368553,14.699999277652497
0.8010000000000006, 7.5, 120.00000002631447,14.700000722347502
0.8020000000000006, 7.5, 119.99999997368553,14.699999277652497
0.8030000000000006, 7.5, 120.00000002631447,14.700000722347502
0.8040000000000006, 7.5, 119.99999997368553,14.699999277652497
0.8050000000000006, 7.5, 120.00000002631447,14.700000722347502
0.8060000000000006, 7.5, 119.99999997368553,14.699999277652497
0.8070000000000006, 7.5, 120.00000002631447,14.700000722347502
0.8080000000000006, 7.5, 119.99999997368553,14.699999277652497
0.8090000000000006, 7.5, 120.00000002631447,14.700000722347502
0.8100000000000006, 7.5, 119.99999997368553,14.699999277652497
0.8110000000000006, 7.5, 120.00000002631447,14.700000722347502
0.8120000000000006, 7.5, 119.99999997368553,14.699999277652497
0.8130000000000006, 7.5, 120.00000002631447,14.700000722347502
0.8140000000000006, 7.5, 119.99999997368553,14.699999277652497
0.8150000000000006, 7.5, 120.00000002631447,14.700000722347502
0.8160000000000006, 7.5, 119.99999997368553,14.699999277652497
0.8170000000000006, 7.5, 120.00000002631447,14.700000722347502
0.8180000000000006, 7.5, 119.99999997368553,14.699999277652497
0.8190000000000006, 7.5, 120.00000002631447,14.700000722347502
0.8200000000000006, 7.5, 119.99999997368553,14.699999277652497
0.8210000000000006, 7.5, 120.00000002631447,14.700000722347502
0.8220000000000006, 7.5, 119.99999997368553,14.699999277652497
0.8230000000000006, 7.5, 120.00000002631447,14.700000722347502
0.8240000000000006, 7.5, 119.99999997368553,14.699999277652497
0.8250000000000006, 7.5, 120.00000002631447,14.700000722347502
0.8260000000000006, 7.5, 119.99999997368553,14.699999277652497
0.8270000000000006, 7.5, 120.00000002631447,14.700000722347502
0.8280000000000006, 7.5, 119.99999997368553,14.699999277652497
0.8290000000000006, 7.5, 120.00000002631447,14.700000722347502
0.8300000000000006, 7.5, 119.99999997368553,14.699999277652497
0.8310000000000006, 7.5, 120.00000002631447,14.700000722347502
0.8320000000000006, 7.5, 119.99999997368553,14.699999277652497
0.8330000000000006, 7.5, 120.00000002631447,14.700000722347502
0.8340000000000006, 7.5, 119.99999997368553,14.699999277652497
0.8350000000000006, 7.5, 120.00000002631447,14.700000722347502
0.8360000000000006, 7.5, 119.99999997368553,14.699999277652497
0.8370000000000006, 7.5, 120.00000002631447,14.700000722347502
0.8380000000000006, 7.5, 119.99999997368553,14.699999277652497
0.8390000000000006, 7.5, 120.00000002631447,14.700000722347502
0.8400000000000006, 7.5, 119.99999997368553,14.699999277652497
0.8410000000000006, 7.5, 120.00000002631447,14.700000722347502
0.8420000000000006, 7.5, 119.99999997368553,14.699999277652497
0.8430000000000006, 7.5, 120.00000002631447,14.700000722347502
0.8440000000000006, 7.5, 119.99999997368553,14.699999277652497
0.8450000000000006, 7.5, 120.00000002631447,14.700000722347502
0.8460000000000006, 7.5, 119.99999997368553,14.699999277652497
0.8470000000000006, 7.5, 120.00000002631447,14.700000722347502
0.8480000000000006, 7.5, 119.99999997368553,14.699999277652497
0.8490000000000006, 7.5, 120.00000002631447,14.700000722347502
0.8500000000000006, 7.5, 119.99999997368553,14.699999277652497
0.8510000000000006, 7.5, 120.00000002631447,14.700000722347502
0.8520000000000006, 7.5, 119.99999997368553,14.699999277652497
0.8530000000000006, 7.5, 120.00000002631447,14.700000722347502
0.8540000000000006, 7.5, 119.99999997368553,14.699999277652497
0.8550000000000006, 7.5, 120.00000002631447,14.700000722347502
0.8560000000000006, 7.5, 119.99999997368553,14.699999277652497
0.8570000000000007, 7.5, 120.00000002631447,14.700000722347502
0.8580000000000007, 7.5, 119.99999997368553,14.699999277652497
0.8590000000000007, 7.5, 120.00000002631447,14.700000722347502
0.8600000000000007, 7.5, 119.99999997368553,14.699999277652497
0.8610000000000007, 7.5, 120.00000002631447,14.700000722347502
0.8620000000000007, 7.5, 119.99999997368553,14.699999277652497
0.8630000000000007, 7.5, 120.00000002631447,14.700000722347502
0.8640000000000007, 7.5, 119.99999997368553,14.699999277652497
0.8650000000000007, 7.5, 120.00000002631447,14.700000722347502
0.8660000000000007, 7.5, 119.99999997368553,14.699999277652497
0.8670000000000007, 7.5, 120.00000002631447,14.700000722347502
0.8680000000000007, 7.5, 119.99999997368553,14.699999277652497
0.8690000000000007, 7.5, 120.00000002631447,14.700000722347502
0.8700000000000007, 7.5, 119.99999997368553,14.699999277652497
0.8710000000000007, 7.5, 120.00000002631447,14.700000722347502
0.8720000000000007, 7.5, 119.99999997368553,14.699999277652497
0.8730000000000007, 7.5, 120.00000002631447,14.700000722347502
0.8740000000000007, 7.5, 119.99999997368553,14.699999277652497
0.8750000000000007, 7.5, 120.00000002631447,14.700000722347502
0.8760000000000007, 7.5, 119.99999997368553,14.699999277652497
0.8770000000000007, 7.5, 120.00000002631447,14.700000722347502
0.8780000000000007, 7.5, 119.99999997368553,14.699999277652497
0.8790000000000007, 7.5, 120.00000002631447,14.700000722347502
0.8800000000000007, 7.5, 119.99999997368553,14.699999277652497
0.8810000000000007, 7.5, 120.00000002631447,14.700000722347502
0.8820000000000007, 7.5, 119.99999997368553,14.699999277652497
0.8830000000000007, 7.5, 120.00000002631447,14.700000722347502
0.8840000000000007, 7.5, 119.99999997368553,14.699999277652497
0.8850000000000007, 7.5, 120.00000002631447,14.700000722347502
0.8860000000000007, 7.5, 119.99999997368553,14.699999277652497
0.8870000000000007, 7.5, 120.00000002631447,14.700000722347502
0.8880000000000007, 7.5, 119.99999997368553,14.699999277652497
0.8890000000000007, 7.5, 120.00000002631447,14.700000722347502
0.8900000000000007, 7.5, 119.99999997368553,14.699999277652497
0.8910000000000007, 7.5, 120.00000002631447,14.700000722347502
0.8920000000000007, 7.5, 119.99999997368553,14.699999277652497
0.8930000000000007, 7.5, 120.00000002631447,14.700000722347502
0.8940000000000007, 7.5, 119.99999997368553,14.699999277652497
0.8950000000000007, 7.5, 120.00000002631447,14.700000722347502
0.8960000000000007, 7.5, 119.99999997368553,14.699999277652497
0.8970000000000007, 7.5, 120.00000002631447,14.700000722347502
0.8980000000000007, 7.5, 119.99999997368553,14.699999277652497
0.8990000000000007, 7.5, 120.00000002631447,14.700000722347502
0.9000000000000007, 7.5, 119.99999997368553,14.699999277652497
0.9010000000000007, 7.5, 120.00000002631447,14.700000722347502
0.9020000000000007, 7.5, 119.99999997368553,14.699999277652497
0.9030000000000007, 7.5, 120.00000002631447,14.700000722347502
0.9040000000000007, 7.5, 119.99999997368553,14.699999277652497
0.9050000000000007, 7.5, 120.00000002631447,14.700000722347502
0.9060000000000007, 7.5, 119.99999997368553,14.699999277652497
0.9070000000000007, 7.5, 120.00000002631447,14.700000722347502
0.9080000000000007, 7.5, 119.99999997368553,14.699999277652497
0.9090000000000007, 7.5, 120.00000002631447,14.700000722347502
0.9100000000000007, 7.5, 119.99999997368553,14.699999277652497
0.9110000000000007, 7.5, 120.00000002631447,14.700000722347502
0.9120000000000007, 7.5, 119.99999997368553,14.699999277652497
0.9130000000000007, 7.5, 120.00000002631447,14.700000722347502
0.9140000000000007, 7.5, 119.99999997368553,14.699999277652497
0.9150000000000007, 7.5, 120.00000002631447,14.700000722347502
0.9160000000000007, 7.5, 119.99999997368553,14.699999277652497
0.9170000000000007, 7.5, 120.00000002631447,14.700000722347502
0.9180000000000007, 7.5, 119.99999997368553,14.699999277652497
0.9190000000000007, 7.5, 120.00000002631447,14.700000722347502
0.9200000000000007, 7.5, 119.99999997368553,14.699999277652497
0.9210000000000007, 7.5, 120.00000002631447,14.700000722347502
0.9220000000000007, 7.5, 119.99999997368553,14.699999277652497
0.9230000000000007, 7.5, 120.00000002631447,14.700000722347502
0.9240000000000007, 7.5, 119.99999997368553,14.699999277652497
0.9250000000000007, 7.5, 120.00000002631447,14.700000722347502
0.9260000000000007, 7.5, 119.99999997368553,14.699999277652497
0.9270000000000007, 7.5, 120.00000002631447,14.700000722347502
0.9280000000000007, 7.5, 119.99999997368553,14.699999277652497
0.9290000000000007, 7.5, 120.00000002631447,14.700000722347502
0.9300000000000007, 7.5, 119.99999997368553,14.699999277652497
0.9310000000000007, 7.5, 120.00000002631447,14.700000722347502
0.9320000000000007, 7.5, 119.99999997368553,14.699999277652497
0.9330000000000007, 7.5, 120.00000002631447,14.700000722347502
0.9340000000000007, 7.5, 119.99999997368553,14.699999277652497
0.9350000000000007, 7.5, 120.00000002631447,14.700000722347502
0.9360000000000007, 7.5, 119.99999997368553,14.699999277652497
0.9370000000000007, 7.5, 120.00000002631447,14.700000722347502
0.9380000000000007, 7.5, 119.99999997368553,14.699999277652497
0.9390000000000007, 7.5, 120.00000002631447,14.700000722347502
0.9400000000000007, 7.5, 119.99999997368553,14.699999277652497
0.9410000000000007, 7.5, 120.00000002631447,14.700000722347502
0.9420000000000007, 7.5, 119.99999997368553,14.699999277652497
0.9430000000000007, 7.5, 120.00000002631447,14.700000722347502
0.9440000000000007, 7.5, 119.99999997368553,14.699999277652497
0.9450000000000007, 7.5, 120.00000002631447,14.700000722347502
0.9460000000000007, 7.5, 119.99999997368553,14.699999277652497
0.9470000000000007, 7.5, 120.00000002631447,14.700000722347502
0.9480000000000007, 7.5, 119.99999997368553,14.699999277652497
0.9490000000000007, 7.5, 120.00000002631447,14.700000722347502
0.9500000000000007, 7.5, 119.99999997368553,14.699999277652497
0.9510000000000007, 7.5, 120.00000002631447,14.700000722347502
0.9520000000000007, 7.5, 119.99999997368553,14.699999277652497
0.9530000000000007, 7.5, 120.00000002631447,14.700000722347502
0.9540000000000007, 7.5, 119.99999997368553,14.699999277652497
0.9550000000000007, 7.5, 120.00000002631447,14.700000722347502
0.9560000000000007, 7.5, 119.99999997368553,14.699999277652497
0.9570000000000007, 7.5, 120.00000002631447,14.700000722347502
0.9580000000000007, 7.5, 119.99999997368553,14.699999277652497
0.9590000000000007, 7.5, 120.00000002631447,14.700000722347502
0.9600000000000007, 7.5, 119.99999997368553,14.699999277652497
0.9610000000000007, 7.5, 120.00000002631447,14.700000722347502
0.9620000000000007, 7.5, 119.99999997368553,14.699999277652497
0.9630000000000007, 7.5, 120.00000002631447,14.700000722347502
0.9640000000000007, 7.5, 119.99999997368553,14.699999277652497
0.9650000000000007, 7.5, 120.00000002631447,14.700000722347502
0.9660000000000007, 7.5, 119.99999997368553,14.699999277652497
0.9670000000000007, 7.5, 120.00000002631447,14.700000722347502
0.9680000000000007, 7.5, 119.99999997368553,14.699999277652497
0.9690000000000007, 7.5, 120.00000002631447,14.700000722347502
0.9700000000000008, 7.5, 119.99999997368553,14.699999277652497
0.9710000000000008, 7.5, 120.00000002631447,14.700000722347502
0.9720000000000008, 7.5, 119.99999997368553,14.699999277652497
0.9730000000000008, 7.5, 120.00000002631447,14.700000722347502
0.9740000000000008, 7.5, 119.99999997368553,14.699999277652497
0.9750000000000008, 7.5, 120.00000002631447,14.700000722347502
0.9760000000000008, 7.5, 119.99999997368553,14.699999277652497
0.9770000000000008, 7.5, 120.00000002631447,14.700000722347502
0.9780000000000008, 7.5, 119.99999997368553,14.699999277652497
0.9790000000000008, 7.5, 120.00000002631447,14.700000722347502
0.9800000000000008, 7.5, 119.99999997368553,14.699999277652497
0.9810000000000008, 7.5, 120.00000002631447,14.700000722347502
0.9820000000000008, 7.5, 119.99999997368553,14.699999277652497
0.9830000000000008, 7.5, 120.00000002631447,14.700000722347502
0.9840000000000008, 7.5, 119.99999997368553,14.699999277652497
0.9850000000000008, 7.5, 120.00000002631447,14.700000722347502
0.9860000000000008, 7.5, 119.99999997368553,14.699999277652497
0.9870000000000008, 7.5, 120.00000002631447,14.700000722347502
0.9880000000000008, 7.5, 119.99999997368553,14.699999277652497
0.9890000000000008, 7.5, 120.00000002631447,14.700000722347502
0.9900000000000008, 7.5, 119.99999997368553,14.699999277652497
0.9910000000000008, 7.5, 120.00000002631447,14.700000722347502
0.9920000000000008, 7.5, 119.99999997368553,14.699999277652497
0.9930000000000008, 7.5, 120.00000002631447,14.700000722347502
0.9940000000000008, 7.5, 119.99999997368553,14.699999277652497
0.9950000000000008, 7.5, 120.00000002631447,14.700000722347502
0.9960000000000008, 7.5, 119.99999997368553,14.699999277652497
0.9970000000000008, 7.5, 120.00000002631447,14.700000722347502
0.9980000000000008, 7.5, 119.99999997368553,14.699999277652497
0.9990000000000008, 7.5, 120.00000002631447,14.700000722347502
