dt = 0.001; Cv = 0.5
0.0, 0.5, 14.7,14.7
0.001, 0.5000665314788209, 56.141314366402575,14.700130402855272
0.002, 0.5002434785930499, 83.8332612965917,14.700470953560188
0.003, 0.5005585754462449, 101.31425502012891,14.701070974819114
0.004, 0.5010280467497132, 111.52037758365496,14.701957192434685
0.005, 0.5016603674879798, 116.83053668970393,14.703141540650767
0.006, 0.5024592147986638, 119.11163145137671,14.704627015239685
0.007, 0.5034256909627224, 119.76844956946256,14.706412018225995
0.008, 0.5045599041896035, 119.798936215745,14.708493405995334
0.009000000000000001, 0.5058618476523032, 119.75747692860784,14.710868146332887
0.010000000000000002, 0.507331519807259, 119.71994022062039,14.713533489907732
0.011000000000000003, 0.5089689158970568, 119.68100751460148,14.716486907383903
0.012000000000000004, 0.5107740285651863, 119.64110016790988,14.71972605812073
0.013000000000000005, 0.512746847913751, 119.60028749076585,14.723248766144753
0.014000000000000005, 0.5148873615591214, 119.55863622620393,14.72705300168576
0.015000000000000006, 0.5171955546758054, 119.51620434442565,14.73113686656342
0.016000000000000007, 0.5196714100313728, 119.47304275297363,14.73549858235389
0.017000000000000008, 0.5223149080146005, 119.42919659402412,14.740136480626138
0.01800000000000001, 0.5251260266585053, 119.38470623720134,14.745048994759133
0.01900000000000001, 0.5281047416595747, 119.33960805263936,14.750234652993063
0.02000000000000001, 0.5312510263942256, 119.29393502232297,14.75569207246196
0.02100000000000001, 0.534564851933323, 119.24771723020109,14.761419954019546
0.022000000000000013, 0.5380461870554225, 119.2009822599257,14.767417077715443
0.023000000000000013, 0.5416949982592766, 119.15375552116238,14.7736822988113
0.024000000000000014, 0.545511249776042, 119.1060605199398,14.780214544250247
0.025000000000000015, 0.5494949035815403, 119.05791908463183,14.78701280951086
0.026000000000000016, 0.553645919408855, 119.00935155638486,14.79407615579018
0.027000000000000017, 0.5579642547614927, 118.96037695077162,14.801403707470783
0.028000000000000018, 0.5624498649272845, 118.91101309595038,14.80899464983482
0.02900000000000002, 0.5671027029931665, 118.86127675148175,14.816848226994322
0.03000000000000002, 0.5719227198609373, 118.8111837111014,14.82496374001212
0.03100000000000002, 0.57690986426407, 118.7607488920904,14.833340545191728
0.03200000000000002, 0.5820640827856183, 118.70998641337916,14.841978052517868
0.03300000000000002, 0.5873853198772472, 118.6589096641223,14.850875724231921
0.03400000000000002, 0.592873517879389, 118.60753136417009,14.860033073528868
0.035000000000000024, 0.5985286170425174, 118.55586361761213,14.869449663364085
0.036000000000000025, 0.6043505555495132, 118.50391796037079,14.879125105359895
0.037000000000000026, 0.6103392695390888, 118.45170540265927,14.889059058803033
0.03800000000000003, 0.6164946931302235, 118.39923646699063,14.899251229725316
0.03900000000000003, 0.6228167584475589, 118.34652122231512,14.9097013700607
0.04000000000000003, 0.6293053956476942, 118.29356931477669,14.920409276872745
0.04100000000000003, 0.635960532946317, 118.24038999550686,14.931374791647116
0.04200000000000003, 0.6427820966461029, 118.18699214581255,14.942597799644373
0.04300000000000003, 0.6497700111653099, 118.13338430006559,14.95407822930887
0.04400000000000003, 0.6569241990669991, 118.07957466655836,14.965816051729911
0.04500000000000003, 0.6642445810888045, 118.02557114655428,14.977811280151814
0.046000000000000034, 0.6717310761731798, 117.97138135173243,14.990063969529784
0.047000000000000035, 0.6793836014980487, 117.91701262019866,15.00257421612891
0.048000000000000036, 0.6872020725077845, 117.86247203121506,15.015342157163696
0.04900000000000004, 0.6951864029444511, 117.80776641877983,15.028367970476006
0.05000000000000004, 0.7033365048792318, 117.75290238417365,15.041651874249307
0.05100000000000004, 0.7116522887439833, 117.69788630757536,15.055194126757382
0.05200000000000004, 0.7201336633628469, 117.64272435883713,15.068995026145886
0.05300000000000004, 0.7287805359838571, 117.58742250749874,15.083054910245215
0.05400000000000004, 0.7375928123104869, 117.53198653211273,15.097374156413267
0.05500000000000004, 0.7465703965330763, 117.47642202894225,15.111953181406946
0.05600000000000004, 0.7557131913600881, 117.42073442008896,15.12679244128121
0.057000000000000044, 0.7650210980491434, 117.36492896110005,15.141892431314659
0.058000000000000045, 0.7744940164377909, 117.30901074809968,15.157253685960779
0.059000000000000045, 0.7841318449739643, 117.25298472448483,15.172876778823927
0.060000000000000046, 0.7939344807460899, 117.19685568722147,15.188762322659395
0.06100000000000005, 0.8039018195128071, 117.1406282927735,15.204910969396831
0.06200000000000005, 0.8140337557322682, 117.08430706269353,15.221323410186397
0.06300000000000004, 0.8243301825909849, 117.02789638890175,15.238000375467179
0.06400000000000004, 0.8347909920321968, 116.97140053867687,15.254942635057303
0.06500000000000004, 0.8454160747837344, 116.91482365938032,15.272150998265392
0.06600000000000004, 0.8562053203853556, 116.8581697829333,15.289626314022957
0.06700000000000005, 0.867158617215535, 116.80144283006467,15.307369471037426
0.06800000000000005, 0.8782758525176899, 116.74464661434533,15.32538139796551
0.06900000000000005, 0.889556912425827, 116.68778484602407,15.343663063606721
0.07000000000000005, 0.9010016819895981, 116.63086113567822,15.36221547711681
0.07100000000000005, 0.9126100451987534, 116.57387899769124,15.381039688240968
0.07200000000000005, 0.9243818850069851, 116.5168418535686,15.40013678756678
0.07300000000000005, 0.936317083355152, 116.45975303510205,15.419507906796689
0.07400000000000005, 0.9484155211938832, 116.4026157873919,15.439154219040102
0.07500000000000005, 0.9606770785055554, 116.34543327173579,15.459076939124996
0.07600000000000005, 0.9731016343256423, 116.2882085683919,15.479277323929123
0.07700000000000005, 0.9856890667634357, 116.23094467922444,15.49975667273086
0.07800000000000006, 0.9984392530221385, 116.17364453023747,15.52051632757974
0.07900000000000006, 1.0113520694183324, 116.11631097400384,15.54155767368682
0.08000000000000006, 1.0244273914008213, 116.05894679199517,15.562882139835034
0.08100000000000006, 1.0376650935688567, 116.0015546968177,15.58449119880966
0.08200000000000006, 1.0510650496897471, 115.94413733435965,15.606386367849097
0.08300000000000006, 1.0646271327158587, 115.88669728585447,15.628569209116222
0.08400000000000006, 1.0783512148010126, 115.8292370698642,15.651041330190496
0.08500000000000006, 1.0922371673162854, 115.77175914418736,15.673804384581171
0.08600000000000006, 1.1062848608652203, 115.71426590769488,15.696860072261805
0.08700000000000006, 1.1204941652984564, 115.65675970209756,15.720210140226506
0.08800000000000006, 1.1348649497277847, 115.5992428136487,15.743856383068156
0.08900000000000007, 1.1493970825396382, 115.54171747478468,15.767800643579058
0.09000000000000007, 1.1640904314080256, 115.48418586570656,15.79204481337437
0.09100000000000007, 1.178944863306917, 115.42665011590543,15.816590833538749
0.09200000000000007, 1.193960244522092, 115.3691123056341,15.841440695296662
0.09300000000000007, 1.2091364406624567, 115.31157446732736,15.866596440706848
0.09400000000000007, 1.2244733166708417, 115.2540385869736,15.892060163381416
0.09500000000000007, 1.239970736834288, 115.19650660543934,15.91783400923009
0.09600000000000007, 1.2556285647938332, 115.138980419749,15.943920177230224
0.09700000000000007, 1.2714466635538035, 115.08146188432205,15.970320920223093
0.09800000000000007, 1.2874248954906247, 115.02395281216884,15.997038545737109
0.09900000000000007, 1.3035631223611577, 114.96645497604742,16.024075416838606
0.10000000000000007, 1.319861205310571, 114.90897010958246,16.051433953010857
0.10100000000000008, 1.3363190048797562, 114.85149990834837,16.079116631062043
0.10200000000000008, 1.3529363810122983, 114.79404603091749,16.107125986062844
0.10300000000000008, 1.3697131930610071, 114.73661009987516,16.13546461231453
0.10400000000000008, 1.386649299794019, 114.6791937028032,16.16413516434824
0.10500000000000008, 1.403744559400478, 114.6217983932323,16.19314035795636
0.10600000000000008, 1.420998829495805, 114.5644256915652,16.22248297125681
0.10700000000000008, 1.4384119671265587, 114.507077085972,16.25216584579122
0.10800000000000008, 1.4559838287749038, 114.4497540332576,16.28219188765787
0.10900000000000008, 1.4737142703626853, 114.39245795970372,16.31256406868042
0.11000000000000008, 1.491603147255123, 114.33519026188536,16.343285427613445
0.11100000000000008, 1.509650314264129, 114.27795230746337,16.37435907138585
0.11200000000000009, 1.5278556256512577, 114.22074543595372,16.405788176383254
0.11300000000000009, 1.546218935130292, 114.16357095947438,16.43757598977055
0.11400000000000009, 1.5647400958694755, 114.10643016347083,16.469725830855786
0.11500000000000009, 1.5834189604933933, 114.0493243074206,16.50224109249668
0.11600000000000009, 1.6022553810845093, 113.99225462551824,16.535125242551043
0.11700000000000009, 1.6212492091843644, 113.93522232734067,16.568381825372484
0.11800000000000009, 1.6404002957944424, 113.87822859849439,16.602014463352816
0.11900000000000009, 1.659708491376705, 113.8212746012447,16.636026858512622
0.12000000000000009, 1.6791736458538062, 113.76436147512773,16.670422794141555
0.1210000000000001, 1.6987956086089848, 113.70749033754598,16.705206136489906
0.1220000000000001, 1.7185742284856422, 113.65066228434786,16.740380836513204
0.1230000000000001, 1.7385093537866103, 113.59387839039206,16.775950931671478
0.1240000000000001, 1.7586008322731097, 113.53713971009674,16.81192054778506
0.12500000000000008, 1.778848511163405, 113.48044727797479,16.848293900948793
0.12600000000000008, 1.7992522371311577, 113.42380210915508,16.88507529950657
0.12700000000000009, 1.8198118563034824, 113.36720519989066,16.922269146088315
0.12800000000000009, 1.8405272142587055, 113.31065752805391,16.959879939711456
0.1290000000000001, 1.8613981560238302, 113.25416005361957,16.997912277949183
0.1300000000000001, 1.8824245260717123, 113.19771371913565,17.036370859167736
0.1310000000000001, 1.9036061683179435, 113.14131945018316,17.07526048483517
0.1320000000000001, 1.9249429261174482, 113.0849781558245,17.114586061904127
0.1330000000000001, 1.9464346422607925, 113.02869072904133,17.154352605271175
0.1340000000000001, 1.9680811589702079, 112.97245804716214,17.194565240315487
0.1350000000000001, 1.989882317895329, 112.9162809722799,17.235229205519747
0.1360000000000001, 2.011837960108647, 112.8601603516602,17.276349855176154
0.1370000000000001, 2.0339479261006788, 112.80409701814004,17.317932662180734
0.1380000000000001, 2.056212055774849, 112.74809179051799,17.359983220919133
0.1390000000000001, 2.078630188442092, 112.69214547393555,17.402507250247314
0.1400000000000001, 2.101202162815163, 112.63625886025049,17.44551059657065
0.1410000000000001, 2.123927817002665, 112.5804327284021,17.488999237025144
0.1420000000000001, 2.1468069885027896, 112.52466784476901,17.53297928276459
0.1430000000000001, 2.1698395141967657, 112.46896496351934,17.57745698235775
0.1440000000000001, 2.19302523034202, 112.41332482695421,17.6224387252997
0.1450000000000001, 2.2163639725650444, 112.35774816584399,17.667931045641787
0.1460000000000001, 2.2398555758539667, 112.30223569975846,17.713940625744787
0.1470000000000001, 2.2634998745508264, 112.24678813739033,17.760474300160077
0.1480000000000001, 2.2872967023435486, 112.19140617687304,17.80753905964386
0.1490000000000001, 2.311245892257616, 112.13609050609249,17.855142055309678
0.1500000000000001, 2.3353472766474326, 112.08084180299338,17.903290602924784
0.1510000000000001, 2.359600687187379, 112.02566073588024,17.951992187356147
0.1520000000000001, 2.3840059548625514, 111.97054796371333,18.001254467172057
0.1530000000000001, 2.408562909959184, 111.91550413639959,18.051085279405754
0.1540000000000001, 2.433271382054745, 111.86052989507915,18.101492644487724
0.1550000000000001, 2.4581312000077093, 111.80562587240712,18.152484771353503
0.1560000000000001, 2.483142191946992, 111.7507926928313,18.204070062734445
0.1570000000000001, 2.5083041852610486, 111.69603097286586,18.25625712063903
0.1580000000000001, 2.533617006586626, 111.64134132136112,18.30905475203272
0.1590000000000001, 2.559080481797163, 111.58672433976979,18.362471974724773
0.16000000000000011, 2.584694435990835, 111.53218062240947,18.41651802347102
0.16100000000000012, 2.6104586934782303, 111.4777107567224,18.471202356301657
0.16200000000000012, 2.636373077769658, 111.42331532353157,18.526534661083993
0.16300000000000012, 2.6624374115620717, 111.36899489729444,18.582524862330313
0.16400000000000012, 2.688651516725606, 111.3147500463536,18.639183128261653
0.16500000000000012, 2.7150152142897177, 111.26058133318506,18.696519878138822
0.16600000000000012, 2.741528324428918, 111.2064893146442,18.754545789872612
0.16700000000000012, 2.7681906664480906, 111.15247454220959,18.81327180792565
0.16800000000000012, 2.795002058767382, 111.09853756222466,18.87270915151917
0.16900000000000012, 2.821962318906657, 111.04467891613785,18.932869323158567
0.17000000000000012, 2.8490712634695083, 110.99089914074074,18.993764117492386
0.17100000000000012, 2.876328708126802, 110.93719876840514,19.055405630520067
0.17200000000000013, 2.903734467599757, 110.88357832731856,19.117806269164863
0.17300000000000013, 2.931288355642539, 110.83003834171885,19.180978761228896
0.17400000000000013, 2.958990185024355, 110.77657933212774,19.24493616574853
0.17500000000000013, 2.9868397675110416, 110.72320181558366,19.30969188376908
0.17600000000000013, 3.014836913846125, 110.6699063058741,19.37525966955901
0.17700000000000013, 3.042981433731339, 110.61669331376746,19.441653642284866
0.17800000000000013, 3.071273135806591, 110.56356334724478,19.508888298169346
0.17900000000000013, 3.099711827629351, 110.51051691173147,19.5769785231564
0.18000000000000013, 3.128297315653452, 110.45755451032913,19.645939606108232
0.18100000000000013, 3.1570294052072825, 110.40467664404781,19.71578725256094
0.18200000000000013, 3.185907900471349, 110.35188381203882,19.786537599066737
0.18300000000000013, 3.2149326044551936, 110.29917651182826,19.858207228152565
0.18400000000000014, 3.2441033189736435, 110.2465552395516,19.930813183926624
0.18500000000000014, 3.273419844622369, 110.19402049018922,20.004372988366047
0.18600000000000014, 3.30288198075273, 110.14157275780366,20.078904658321232
0.18700000000000014, 3.3324895254458866, 110.08921253577809,20.15442672327429
0.18800000000000014, 3.3622422754861483, 110.03694031705687,20.230958243891394
0.18900000000000014, 3.3921400263335353, 109.98475659438809,20.308518831411313
0.19000000000000014, 3.422182572095527, 109.9326618605682,20.38712866791496
0.19100000000000014, 3.4523697054979654, 109.88065660868942,20.466808527523778
0.19200000000000014, 3.48270121785509, 109.82874133238971,20.547579798577413
0.19300000000000014, 3.5131768990386623, 109.77691652610599,20.629464506844826
0.19400000000000014, 3.5437965374461595, 109.72518268533028,20.712485339826138
0.19500000000000015, 3.5745599199679945, 109.67354030686984,20.796665672206252
0.19600000000000015, 3.605466831953728, 109.6219898891108,20.882029592525456
0.19700000000000015, 3.636517057177239, 109.57053193228614,20.96860193113631
0.19800000000000015, 3.667710377800806, 109.51916693874809,21.056408289520824
0.19900000000000015, 3.6990465743380683, 109.4678954132452,21.145475071046917
0.20000000000000015, 3.7305254256158116, 109.4167178632046,21.235829513248426
0.20100000000000015, 3.762146708734543, 109.36563479901983,21.327499721718773
0.20200000000000015, 3.7939101990278017, 109.31464673434424,21.420514705714513
0.20300000000000015, 3.8258156700201527, 109.26375418639081,21.51490441557182
0.20400000000000015, 3.8578628933838184, 109.21295767623857,21.61069978204604
0.20500000000000015, 3.8900516388938833, 109.16225772914571,21.70793275769244
0.20600000000000016, 3.9223816743820197, 109.11165487487072,21.80663636041452
0.20700000000000016, 3.9548527656886687, 109.06114964800098,21.906844719315664
0.20800000000000016, 3.987464676613614, 109.01074258828989,22.00859312299957
0.20900000000000016, 4.020217168864877, 108.96043424100306,22.111918070475713
0.21000000000000016, 4.053110002005865, 108.9102251572737,22.216857324837875
0.21100000000000016, 4.086142933400692, 108.86011589446815,22.32344996989617
0.21200000000000016, 4.119315718157593, 108.81010701656211,22.43173646995686
0.21300000000000016, 4.1526281090703545, 108.76019909452789,22.541758732959167
0.21400000000000016, 4.186079856557653, 108.71039270673369,22.65356017719449
0.21500000000000016, 4.219670708600231, 108.66068843935545,22.767185801851138
0.21600000000000016, 4.253400410675791, 108.61108688680203,22.882682261646845
0.21700000000000016, 4.287268705691513, 108.56158865215447,23.000097945832557
0.21800000000000017, 4.321275333914079, 108.51219434762021,23.11948306187374
0.21900000000000017, 4.355420032897081, 108.46290459500325,23.24088972414054
0.22000000000000017, 4.389702537405707, 108.4137200261909,23.36437204796573
0.22100000000000017, 4.424122579338544, 108.36464128365841,23.48998624945921
0.22200000000000017, 4.458679887646377, 108.31566902099229,23.61779075150079
0.22300000000000017, 4.493374188247831, 108.26680390343373,23.74784629636925
0.22400000000000017, 4.528205203941688, 108.21804660844307,23.88021606550511
0.22500000000000017, 4.563172654315723, 108.1693978262867,24.014965806948254
0.22600000000000017, 4.598276255651866, 108.12085826064757,24.152163971039634
0.22700000000000017, 4.633515720827513, 108.0724286292613,24.291881855029
0.22800000000000017, 4.668890759212768, 108.02410966457865,24.434193757288956
0.22900000000000018, 4.704401076563413, 107.97590211445672,24.579177141900225
0.23000000000000018, 4.740046374909361, 107.92780674288018,24.726912814443946
0.23100000000000018, 4.775826352438356, 107.8798243307148,24.877485109915945
0.23200000000000018, 4.811740703374654, 107.83195567649493,25.030982093765036
0.23300000000000018, 4.847789117852395, 107.78420159724752,25.187495777154627
0.23400000000000018, 4.883971281783378, 107.7365629293547,25.347122347654416
0.23500000000000018, 4.920286876718902, 107.6890405294577,25.509962416689046
0.23600000000000018, 4.956735579705341, 107.64163527540467,25.676121285204054
0.23700000000000018, 4.993317063133067, 107.59434806724539,25.845709229158494
0.23800000000000018, 5.030030994578336, 107.54717982827611,26.01884180662022
0.23900000000000018, 5.0668770366377025, 107.5001315061378,26.19564018842619
0.24000000000000019, 5.103854846754497, 107.45320407397153,26.376231514578787
0.2410000000000002, 5.140964077036885, 107.40639853163509,26.560749278784
0.2420000000000002, 5.178204374066957, 107.35971590698502,26.74933374380038
0.2430000000000002, 5.215575378700286, 107.31315725722891,26.94213239056503
0.2440000000000002, 5.253076725855316, 107.26672367035276,27.139300404397144
0.2450000000000002, 5.29070804429193, 107.22041626662941,27.341001201958612
0.2460000000000002, 5.328468956378438, 107.17423620021341,27.547407003078828
0.2470000000000002, 5.366359077846229, 107.12818466082959,27.758699452037096
0.2480000000000002, 5.404378017531205, 107.08226287556181,27.975070293447864
0.2490000000000002, 5.442525377101077, 107.03647211075011,28.196722108522238
0.25000000000000017, 5.480800750767506, 106.99081367400478,28.42386911819643
0.25100000000000017, 5.519203724981996, 106.94528891634643,28.656738060437302
0.25200000000000017, 5.557733878114323, 106.89989923448238,28.895569149974026
0.25300000000000017, 5.596390780112193, 106.85464607323095,29.14061712978331
0.25400000000000017, 5.6351739921406985, 106.80953092810536,29.392152424896437
0.25500000000000017, 5.6740830661999855, 106.76455534807151,29.650462410527766
0.25600000000000017, 5.713117544719418, 106.71972093849425,29.915852808179924
0.2570000000000002, 5.752276960126336, 106.67502936428883,30.18864922530048
0.2580000000000002, 5.791560834387321, 106.63048235329599,30.46919885629555
0.2590000000000002, 5.830968678519662, 106.58608169990093,30.75787236530735
0.2600000000000002, 5.870499992070492, 106.54182926891883,31.055065974202275
0.2610000000000002, 5.910154262560762, 106.49772699977211,31.361203782780898
0.2620000000000002, 5.9499309648909495, 106.45377691098751,31.676740352412576
0.2630000000000002, 5.989829560705029, 106.40998110504427,32.00216358924245
0.2640000000000002, 6.029849497708844, 106.3663417736086,32.33799796897132
0.2650000000000002, 6.069990208938579, 106.32286120319388,32.6848081521602
0.2660000000000002, 6.110251111974522, 106.27954178129093,33.04320304729675
0.2670000000000002, 6.150631608094717, 106.23638600301814,33.41384038877339
0.2680000000000002, 6.191131081362461, 106.19339647834819,33.7974319088323
0.2690000000000002, 6.231748897640799, 106.1505759399752,34.194749196889404
0.2700000000000002, 6.272484403526332, 106.10792725189516,34.60663035703674
0.2710000000000002, 6.313336925193606, 106.06545341878243,35.03398759567347
0.2720000000000002, 6.3543057671401595, 106.02315759625688,35.477815897063834
0.2730000000000002, 6.395390210820953, 105.98104310215058,35.93920297636551
0.2740000000000002, 6.436589513159269, 105.93911342889835,36.41934073885738
0.2750000000000002, 6.4779029049193015, 105.8973722571968,36.919538522727564
0.2760000000000002, 6.5193295889233855, 105.85582347109805,37.44123846348157
0.2770000000000002, 6.56086873809424, 105.81447117473259,37.9860333942436
0.2780000000000002, 6.602519493299402, 105.77331971088718,38.55568779252279
0.2790000000000002, 6.644280960971327, 105.73237368170301,39.15216240650629
0.2800000000000002, 6.686152210472118, 105.69163797180643,39.77764335085146
0.2810000000000002, 6.728132271166438, 105.65111777424104,40.43457666445955
0.2820000000000002, 6.770220129159561, 105.61081861963996,41.12570958616332
0.2830000000000002, 6.812414723649514, 105.57074640916208,41.85414014990173
0.2840000000000002, 6.854714942832377, 105.53090745182197,42.623377158539625
0.2850000000000002, 6.897119619287619, 105.49130850697378,43.43741320715247
0.2860000000000002, 6.939627524755159, 105.45195683287473,44.30081425271671
0.2870000000000002, 6.982237364196742, 105.41286024246041,45.21883035538122
0.2880000000000002, 7.024947769010115, 105.37402716772962,46.197533775888466
0.2890000000000002, 7.067757289233627, 105.33546673447538,47.24399279707813
0.2900000000000002, 7.110664384539145, 105.29718884953968,48.36649273756793
0.2910000000000002, 7.153667413759411, 105.2592043033473,49.574820095232894
0.2920000000000002, 7.1967646226277395, 105.22152489123938,50.88063230998913
0.2930000000000002, 7.23995412931705, 105.18416355815425,52.2979454166085
0.2940000000000002, 7.283233907242308, 105.14713457260041,53.84378675688438
0.2950000000000002, 7.326601764421991, 105.1104537377926,55.5390831240876
0.2960000000000002, 7.370055318459504, 105.0741386505235,57.40989175667229
0.2970000000000002, 7.413591965872674, 105.03820902219776,59.48914240145236
0.2980000000000002, 7.457208844018361, 105.00268708206221,61.81916164112049
0.2990000000000002, 7.5, 104.98023315482837,64.33905284529378
0.3000000000000002, 7.5, 105.55756476593427,61.44979481226968
0.3010000000000002, 7.5, 106.11698611527113,58.696535399798265
0.3020000000000002, 7.5, 106.65891846123291,56.07441455411391
0.3030000000000002, 7.5, 107.18377634711157,53.578689934514784
0.3040000000000002, 7.5, 107.69196765683893,51.20473543414206
0.3050000000000002, 7.5, 108.18389367069199,48.94803970209622
0.3060000000000002, 7.5, 108.65994912096158,46.80420466690021
0.3070000000000002, 7.5, 109.12052224758393,44.76894406131969
0.3080000000000002, 7.5, 109.56599485373495,42.83808194855013
0.3090000000000002, 7.5, 109.99674236138722,41.00755124978145
0.3100000000000002, 7.5, 110.41313386682928,39.273392273150165
0.3110000000000002, 7.5, 110.81553219614706,37.6317512440898
0.3120000000000002, 7.5, 111.20429396066721,36.07887883709008
0.3130000000000002, 7.5, 111.5797696123621,34.611128708875704
0.3140000000000002, 7.5, 111.94230349921635,33.22495603301547
0.3150000000000002, 7.5, 112.29223392055448,31.91691603597283
0.3160000000000002, 7.5, 112.62989318232967,30.68366253460902
0.3170000000000002, 7.5, 112.95560765237315,29.521946475149793
0.3180000000000002, 7.5, 113.26969781560419,28.428614473627302
0.31900000000000023, 7.5, 113.5724783292004,27.40060735780849
0.32000000000000023, 7.5, 113.86425807772785,26.434958710621547
0.32100000000000023, 7.5, 114.14534022823126,25.52879341509211
0.32200000000000023, 7.5, 114.41602228528347,24.679326200800922
0.32300000000000023, 7.5, 114.67659614599427,23.883860191874867
0.32400000000000023, 7.5, 114.92734815497833,23.139785456523228
0.32500000000000023, 7.5, 115.1685591592817,22.444577558131265
0.32600000000000023, 7.5, 115.40050456326694,21.795796107923078
0.32700000000000023, 7.5, 115.62345438345636,21.19108331920597
0.32800000000000024, 7.5, 115.83767330333333,20.62816256320839
0.32900000000000024, 7.5, 116.04342072810117,20.104836926523728
0.33000000000000024, 7.5, 116.24095083939945,19.618987770172033
0.33100000000000024, 7.5, 116.43051264997733,19.168573290291977
0.33200000000000024, 7.5, 116.61235005832394,18.751627080475064
0.33300000000000024, 7.5, 116.78670190325506,18.366256695754238
0.33400000000000024, 7.5, 116.95380201845616,18.010642218258873
0.33500000000000024, 7.5, 117.11387928698133,17.683034824547956
0.33600000000000024, 7.5, 117.26715769570797,17.38175535463318
0.33700000000000024, 7.5, 117.41385638974664,17.105192882703424
0.33800000000000024, 7.5, 117.55418972680619,16.851803289561786
0.33900000000000025, 7.5, 117.68836733151325,16.620107836786158
0.34000000000000025, 7.5, 117.81659414968658,16.40869174262369
0.34100000000000025, 7.5, 117.93907050256512,16.21620275962936
0.34200000000000025, 7.5, 118.05599214098994,16.041349754057936
0.34300000000000025, 7.5, 118.16755029953978,15.88290128701833
0.34400000000000025, 7.5, 118.27393175061937,15.739684197398281
0.34500000000000025, 7.5, 118.37531885850078,15.610582186566575
0.34600000000000025, 7.5, 118.47188963331709,15.494534404858847
0.34700000000000025, 7.5, 118.56381778500811,15.390534039851875
0.34800000000000025, 7.5, 118.65127277721787,15.297626906429718
0.34900000000000025, 7.5, 118.73441988114352,15.214910038643461
0.35000000000000026, 7.5, 118.81342022933511,15.141530283364308
0.35100000000000026, 7.5, 118.88843086944617,15.076682895727517
0.35200000000000026, 7.5, 118.9596048179345,15.019610136361976
0.35300000000000026, 7.5, 119.02709111371281,14.969599870397126
0.35400000000000026, 7.5, 119.09103487174905,14.925984168235267
0.35500000000000026, 7.5, 119.15157733661573,14.888137908073087
0.35600000000000026, 7.5, 119.20885593598811,14.855477380151209
0.35700000000000026, 7.5, 119.26300433409072,14.827458892704694
0.35800000000000026, 7.5, 119.31415248509184,14.80357737958056
0.35900000000000026, 7.5, 119.36242668644563,14.783365009480198
0.36000000000000026, 7.5, 119.40794963218137,14.766389796774906
0.36100000000000027, 7.5, 119.45084046613952,14.752254213831252
0.36200000000000027, 7.5, 119.49121483515407,14.740593804769308
0.36300000000000027, 7.5, 119.52918494218092,14.731075800560303
0.36400000000000027, 7.5, 119.56485959937167,14.723397735350542
0.36500000000000027, 7.5, 119.59834428109266,14.717286063874429
0.36600000000000027, 7.5, 119.62974117688852,14.71249477979054
0.36700000000000027, 7.5, 119.65914924439002,14.708804034739128
0.36800000000000027, 7.5, 119.68666426216585,14.706018757876167
0.36900000000000027, 7.5, 119.71237888251743,14.703967275585752
0.3700000000000003, 7.5, 119.73638268421705,14.7024999310074
0.3710000000000003, 7.5, 119.75876222518833,14.701487702935767
0.3720000000000003, 7.5, 119.77960109512856,14.700820823558475
0.3730000000000003, 7.5, 119.79897996807289,14.7004073944072
0.3740000000000003, 7.5, 119.81697665489959,14.700171999882517
0.3750000000000003, 7.5, 119.833666155776,14.70005431819719
0.3760000000000003, 7.5, 119.84912071254469,14.700007733818689
0.3770000000000003, 7.5, 119.8634098610496,14.699998015010484
0.3780000000000003, 7.5, 119.87660048340152,14.70000127144128
0.3790000000000003, 7.5, 119.88875686018241,14.699998995303865
0.3800000000000003, 7.5, 119.89994072258841,14.700000878866948
0.3810000000000003, 7.5, 119.91021130451091,14.69999918741975
0.3820000000000003, 7.5, 119.91962539455524,14.700000775515637
0.3830000000000003, 7.5, 119.92823738799687,14.699999245925564
0.3840000000000003, 7.5, 119.93609933867425,14.700000741421638
0.3850000000000003, 7.5, 119.94326101081839,14.699999266133966
0.3860000000000003, 7.5, 119.94976993081863,14.700000729322007
0.3870000000000003, 7.5, 119.95567143892418,14.699999273422568
0.3880000000000003, 7.5, 119.96100874088131,14.700000724915403
0.3890000000000003, 7.5, 119.9658229595058,14.69999927609265
0.3900000000000003, 7.5, 119.97015318619049,14.700000723295359
0.3910000000000003, 7.5, 119.97403653234771,14.699999277076396
0.3920000000000003, 7.5, 119.97750818078644,14.700000722697698
0.3930000000000003, 7.5, 119.98060143702412,14.6999992774396
0.3940000000000003, 7.5, 119.9833477805332,14.700000722476936
0.3950000000000003, 7.5, 119.98577691592233,14.699999277573802
0.3960000000000003, 7.5, 119.98791682405249,14.70000072239535
0.3970000000000003, 7.5, 119.98979381308831,14.699999277623403
0.3980000000000003, 7.5, 119.99143256948497,14.700000722365195
0.3990000000000003, 7.5, 119.99285620891116,14.699999277641739
0.4000000000000003, 7.5, 119.99408632710902,14.700000722354046
0.4010000000000003, 7.5, 119.99514305069178,14.699999277648516
0.4020000000000003, 7.5, 119.99604508788035,14.700000722349923
0.4030000000000003, 7.5, 119.99680977918052,14.699999277651022
0.4040000000000003, 7.5, 119.99745314800222,14.7000007223484
0.4050000000000003, 7.5, 119.9979899512232,14.699999277651948
0.4060000000000003, 7.5, 119.99843372970008,14.700000722347836
0.4070000000000003, 7.5, 119.99879685872952,14.69999927765229
0.4080000000000003, 7.5, 119.99909059846387,14.700000722347628
0.4090000000000003, 7.5, 119.99932514428592,14.699999277652418
0.4100000000000003, 7.5, 119.99950967714861,14.70000072234755
0.4110000000000003, 7.5, 119.99965241388661,14.699999277652466
0.4120000000000003, 7.5, 119.99976065750845,14.700000722347523
0.4130000000000003, 7.5, 119.9998408474796,14.69999927765248
0.4140000000000003, 7.5, 119.99989861000897,14.700000722347513
0.4150000000000003, 7.5, 119.99993880835459,14.69999927765249
0.4160000000000003, 7.5, 119.99996559316676,14.700000722347507
0.4170000000000003, 7.5, 119.9999824528912,14.699999277652493
0.4180000000000003, 7.5, 119.99999226425568,14.700000722347504
0.4190000000000003, 7.5, 119.99999734285353,14.699999277652497
0.4200000000000003, 7.5, 119.99999949374346,14.700000722347502
0.4210000000000003, 7.5, 120.00000006089896,14.699999277652497
0.4220000000000003, 7.5, 119.9999999575718,14.700000722347502
0.4230000000000003, 7.5, 120.00000003484385,14.699999277652497
0.4240000000000003, 7.5, 119.99999996888737,14.700000722347502
0.4250000000000003, 7.5, 120.00000002910302,14.699999277652497
0.4260000000000003, 7.5, 119.9999999720348,14.700000722347502
0.4270000000000003, 7.5, 120.00000002730219,14.699999277652497
0.4280000000000003, 7.5, 119.99999997309075,14.700000722347502
0.4290000000000003, 7.5, 120.00000002667399,14.699999277652497
0.4300000000000003, 7.5, 119.99999997346771,14.700000722347502
0.4310000000000003, 7.5, 120.00000002644661,14.699999277652497
0.43200000000000033, 7.5, 119.99999997360528,14.700000722347502
0.43300000000000033, 7.5, 120.00000002636321,14.699999277652497
0.43400000000000033, 7.5, 119.9999999736559,14.700000722347502
0.43500000000000033, 7.5, 120.00000002633249,14.699999277652497
0.43600000000000033, 7.5, 119.99999997367458,14.700000722347502
0.43700000000000033, 7.5, 120.00000002632115,14.699999277652497
0.43800000000000033, 7.5, 119.99999997368147,14.700000722347502
0.43900000000000033, 7.5, 120.00000002631694,14.699999277652497
0.44000000000000034, 7.5, 119.99999997368401,14.700000722347502
0.44100000000000034, 7.5, 120.0000000263154,14.699999277652497
0.44200000000000034, 7.5, 119.99999997368496,14.700000722347502
0.44300000000000034, 7.5, 120.00000002631482,14.699999277652497
0.44400000000000034, 7.5, 119.9999999736853,14.700000722347502
0.44500000000000034, 7.5, 120.0000000263146,14.699999277652497
0.44600000000000034, 7.5, 119.99999997368545,14.700000722347502
0.44700000000000034, 7.5, 120.00000002631452,14.699999277652497
0.44800000000000034, 7.5, 119.9999999736855,14.700000722347502
0.44900000000000034, 7.5, 120.00000002631447,14.699999277652497
0.45000000000000034, 7.5, 119.99999997368553,14.700000722347502
0.45100000000000035, 7.5, 120.00000002631447,14.699999277652497
0.45200000000000035, 7.5, 119.99999997368553,14.700000722347502
0.45300000000000035, 7.5, 120.00000002631447,14.699999277652497
0.45400000000000035, 7.5, 119.99999997368553,14.700000722347502
0.45500000000000035, 7.5, 120.00000002631447,14.699999277652497
0.45600000000000035, 7.5, 119.99999997368553,14.700000722347502
0.45700000000000035, 7.5, 120.00000002631447,14.699999277652497
0.45800000000000035, 7.5, 119.99999997368553,14.700000722347502
0.45900000000000035, 7.5, 120.00000002631447,14.699999277652497
0.46000000000000035, 7.5, 119.99999997368553,14.700000722347502
0.46100000000000035, 7.5, 120.00000002631447,14.699999277652497
0.46200000000000035, 7.5, 119.99999997368553,14.700000722347502
0.46300000000000036, 7.5, 120.00000002631447,14.699999277652497
0.46400000000000036, 7.5, 119.99999997368553,14.700000722347502
0.46500000000000036, 7.5, 120.00000002631447,14.699999277652497
0.46600000000000036, 7.5, 119.99999997368553,14.700000722347502
0.46700000000000036, 7.5, 120.00000002631447,14.699999277652497
0.46800000000000036, 7.5, 119.99999997368553,14.700000722347502
0.46900000000000036, 7.5, 120.00000002631447,14.699999277652497
0.47000000000000036, 7.5, 119.99999997368553,14.700000722347502
0.47100000000000036, 7.5, 120.00000002631447,14.699999277652497
0.47200000000000036, 7.5, 119.99999997368553,14.700000722347502
0.47300000000000036, 7.5, 120.00000002631447,14.699999277652497
0.47400000000000037, 7.5, 119.99999997368553,14.700000722347502
0.47500000000000037, 7.5, 120.00000002631447,14.699999277652497
0.47600000000000037, 7.5, 119.99999997368553,14.700000722347502
0.47700000000000037, 7.5, 120.00000002631447,14.699999277652497
0.47800000000000037, 7.5, 119.99999997368553,14.700000722347502
0.47900000000000037, 7.5, 120.00000002631447,14.699999277652497
0.48000000000000037, 7.5, 119.99999997368553,14.700000722347502
0.48100000000000037, 7.5, 120.00000002631447,14.699999277652497
0.4820000000000004, 7.5, 119.99999997368553,14.700000722347502
0.4830000000000004, 7.5, 120.00000002631447,14.699999277652497
0.4840000000000004, 7.5, 119.99999997368553,14.700000722347502
0.4850000000000004, 7.5, 120.00000002631447,14.699999277652497
0.4860000000000004, 7.5, 119.99999997368553,14.700000722347502
0.4870000000000004, 7.5, 120.00000002631447,14.699999277652497
0.4880000000000004, 7.5, 119.99999997368553,14.700000722347502
0.4890000000000004, 7.5, 120.00000002631447,14.699999277652497
0.4900000000000004, 7.5, 119.99999997368553,14.700000722347502
0.4910000000000004, 7.5, 120.00000002631447,14.699999277652497
0.4920000000000004, 7.5, 119.99999997368553,14.700000722347502
0.4930000000000004, 7.5, 120.00000002631447,14.699999277652497
0.4940000000000004, 7.5, 119.99999997368553,14.700000722347502
0.4950000000000004, 7.5, 120.00000002631447,14.699999277652497
0.4960000000000004, 7.5, 119.99999997368553,14.700000722347502
0.4970000000000004, 7.5, 120.00000002631447,14.699999277652497
0.4980000000000004, 7.5, 119.99999997368553,14.700000722347502
0.4990000000000004, 7.5, 120.00000002631447,14.699999277652497
0.5000000000000003, 7.5, 119.99999997368553,14.700000722347502
0.5010000000000003, 7.5, 120.00000002631447,14.699999277652497
0.5020000000000003, 7.5, 119.99999997368553,14.700000722347502
0.5030000000000003, 7.5, 120.00000002631447,14.699999277652497
0.5040000000000003, 7.5, 119.99999997368553,14.700000722347502
0.5050000000000003, 7.5, 120.00000002631447,14.699999277652497
0.5060000000000003, 7.5, 119.99999997368553,14.700000722347502
0.5070000000000003, 7.5, 120.00000002631447,14.699999277652497
0.5080000000000003, 7.5, 119.99999997368553,14.700000722347502
0.5090000000000003, 7.5, 120.00000002631447,14.699999277652497
0.5100000000000003, 7.5, 119.99999997368553,14.700000722347502
0.5110000000000003, 7.5, 120.00000002631447,14.699999277652497
0.5120000000000003, 7.5, 119.99999997368553,14.700000722347502
0.5130000000000003, 7.5, 120.00000002631447,14.699999277652497
0.5140000000000003, 7.5, 119.99999997368553,14.700000722347502
0.5150000000000003, 7.5, 120.00000002631447,14.699999277652497
0.5160000000000003, 7.5, 119.99999997368553,14.700000722347502
0.5170000000000003, 7.5, 120.00000002631447,14.699999277652497
0.5180000000000003, 7.5, 119.99999997368553,14.700000722347502
0.5190000000000003, 7.5, 120.00000002631447,14.699999277652497
0.5200000000000004, 7.5, 119.99999997368553,14.700000722347502
0.5210000000000004, 7.5, 120.00000002631447,14.699999277652497
0.5220000000000004, 7.5, 119.99999997368553,14.700000722347502
0.5230000000000004, 7.5, 120.00000002631447,14.699999277652497
0.5240000000000004, 7.5, 119.99999997368553,14.700000722347502
0.5250000000000004, 7.5, 120.00000002631447,14.699999277652497
0.5260000000000004, 7.5, 119.99999997368553,14.700000722347502
0.5270000000000004, 7.5, 120.00000002631447,14.699999277652497
0.5280000000000004, 7.5, 119.99999997368553,14.700000722347502
0.5290000000000004, 7.5, 120.00000002631447,14.699999277652497
0.5300000000000004, 7.5, 119.99999997368553,14.700000722347502
0.5310000000000004, 7.5, 120.00000002631447,14.699999277652497
0.5320000000000004, 7.5, 119.99999997368553,14.700000722347502
0.5330000000000004, 7.5, 120.00000002631447,14.699999277652497
0.5340000000000004, 7.5, 119.99999997368553,14.700000722347502
0.5350000000000004, 7.5, 120.00000002631447,14.699999277652497
0.5360000000000004, 7.5, 119.99999997368553,14.700000722347502
0.5370000000000004, 7.5, 120.00000002631447,14.699999277652497
0.5380000000000004, 7.5, 119.99999997368553,14.700000722347502
0.5390000000000004, 7.5, 120.00000002631447,14.699999277652497
0.5400000000000004, 7.5, 119.99999997368553,14.700000722347502
0.5410000000000004, 7.5, 120.00000002631447,14.699999277652497
0.5420000000000004, 7.5, 119.99999997368553,14.700000722347502
0.5430000000000004, 7.5, 120.00000002631447,14.699999277652497
0.5440000000000004, 7.5, 119.99999997368553,14.700000722347502
0.5450000000000004, 7.5, 120.00000002631447,14.699999277652497
0.5460000000000004, 7.5, 119.99999997368553,14.700000722347502
0.5470000000000004, 7.5, 120.00000002631447,14.699999277652497
0.5480000000000004, 7.5, 119.99999997368553,14.700000722347502
0.5490000000000004, 7.5, 120.00000002631447,14.699999277652497
0.5500000000000004, 7.5, 119.99999997368553,14.700000722347502
0.5510000000000004, 7.5, 120.00000002631447,14.699999277652497
0.5520000000000004, 7.5, 119.99999997368553,14.700000722347502
0.5530000000000004, 7.5, 120.00000002631447,14.699999277652497
0.5540000000000004, 7.5, 119.99999997368553,14.700000722347502
0.5550000000000004, 7.5, 120.00000002631447,14.699999277652497
0.5560000000000004, 7.5, 119.99999997368553,14.700000722347502
0.5570000000000004, 7.5, 120.00000002631447,14.699999277652497
0.5580000000000004, 7.5, 119.99999997368553,14.700000722347502
0.5590000000000004, 7.5, 120.00000002631447,14.699999277652497
0.5600000000000004, 7.5, 119.99999997368553,14.700000722347502
0.5610000000000004, 7.5, 120.00000002631447,14.699999277652497
0.5620000000000004, 7.5, 119.99999997368553,14.700000722347502
0.5630000000000004, 7.5, 120.00000002631447,14.699999277652497
0.5640000000000004, 7.5, 119.99999997368553,14.700000722347502
0.5650000000000004, 7.5, 120.00000002631447,14.699999277652497
0.5660000000000004, 7.5, 119.99999997368553,14.700000722347502
0.5670000000000004, 7.5, 120.00000002631447,14.699999277652497
0.5680000000000004, 7.5, 119.99999997368553,14.700000722347502
0.5690000000000004, 7.5, 120.00000002631447,14.699999277652497
0.5700000000000004, 7.5, 119.99999997368553,14.700000722347502
0.5710000000000004, 7.5, 120.00000002631447,14.699999277652497
0.5720000000000004, 7.5, 119.99999997368553,14.700000722347502
0.5730000000000004, 7.5, 120.00000002631447,14.699999277652497
0.5740000000000004, 7.5, 119.99999997368553,14.700000722347502
0.5750000000000004, 7.5, 120.00000002631447,14.699999277652497
0.5760000000000004, 7.5, 119.99999997368553,14.700000722347502
0.5770000000000004, 7.5, 120.00000002631447,14.699999277652497
0.5780000000000004, 7.5, 119.99999997368553,14.700000722347502
0.5790000000000004, 7.5, 120.00000002631447,14.699999277652497
0.5800000000000004, 7.5, 119.99999997368553,14.700000722347502
0.5810000000000004, 7.5, 120.00000002631447,14.699999277652497
0.5820000000000004, 7.5, 119.99999997368553,14.700000722347502
0.5830000000000004, 7.5, 120.00000002631447,14.699999277652497
0.5840000000000004, 7.5, 119.99999997368553,14.700000722347502
0.5850000000000004, 7.5, 120.00000002631447,14.699999277652497
0.5860000000000004, 7.5, 119.99999997368553,14.700000722347502
0.5870000000000004, 7.5, 120.00000002631447,14.699999277652497
0.5880000000000004, 7.5, 119.99999997368553,14.700000722347502
0.5890000000000004, 7.5, 120.00000002631447,14.699999277652497
0.5900000000000004, 7.5, 119.99999997368553,14.700000722347502
0.5910000000000004, 7.5, 120.00000002631447,14.699999277652497
0.5920000000000004, 7.5, 119.99999997368553,14.700000722347502
0.5930000000000004, 7.5, 120.00000002631447,14.699999277652497
0.5940000000000004, 7.5, 119.99999997368553,14.700000722347502
0.5950000000000004, 7.5, 120.00000002631447,14.699999277652497
0.5960000000000004, 7.5, 119.99999997368553,14.700000722347502
0.5970000000000004, 7.5, 120.00000002631447,14.699999277652497
0.5980000000000004, 7.5, 119.99999997368553,14.700000722347502
0.5990000000000004, 7.5, 120.00000002631447,14.699999277652497
0.6000000000000004, 7.5, 119.99999997368553,14.700000722347502
0.6010000000000004, 7.5, 120.00000002631447,14.699999277652497
0.6020000000000004, 7.5, 119.99999997368553,14.700000722347502
0.6030000000000004, 7.5, 120.00000002631447,14.699999277652497
0.6040000000000004, 7.5, 119.99999997368553,14.700000722347502
0.6050000000000004, 7.5, 120.00000002631447,14.699999277652497
0.6060000000000004, 7.5, 119.99999997368553,14.700000722347502
0.6070000000000004, 7.5, 120.00000002631447,14.699999277652497
0.6080000000000004, 7.5, 119.99999997368553,14.700000722347502
0.6090000000000004, 7.5, 120.00000002631447,14.699999277652497
0.6100000000000004, 7.5, 119.99999997368553,14.700000722347502
0.6110000000000004, 7.5, 120.00000002631447,14.699999277652497
0.6120000000000004, 7.5, 119.99999997368553,14.700000722347502
0.6130000000000004, 7.5, 120.00000002631447,14.699999277652497
0.6140000000000004, 7.5, 119.99999997368553,14.700000722347502
0.6150000000000004, 7.5, 120.00000002631447,14.699999277652497
0.6160000000000004, 7.5, 119.99999997368553,14.700000722347502
0.6170000000000004, 7.5, 120.00000002631447,14.699999277652497
0.6180000000000004, 7.5, 119.99999997368553,14.700000722347502
0.6190000000000004, 7.5, 120.00000002631447,14.699999277652497
0.6200000000000004, 7.5, 119.99999997368553,14.700000722347502
0.6210000000000004, 7.5, 120.00000002631447,14.699999277652497
0.6220000000000004, 7.5, 119.99999997368553,14.700000722347502
0.6230000000000004, 7.5, 120.00000002631447,14.699999277652497
0.6240000000000004, 7.5, 119.99999997368553,14.700000722347502
0.6250000000000004, 7.5, 120.00000002631447,14.699999277652497
0.6260000000000004, 7.5, 119.99999997368553,14.700000722347502
0.6270000000000004, 7.5, 120.00000002631447,14.699999277652497
0.6280000000000004, 7.5, 119.99999997368553,14.700000722347502
0.6290000000000004, 7.5, 120.00000002631447,14.699999277652497
0.6300000000000004, 7.5, 119.99999997368553,14.700000722347502
0.6310000000000004, 7.5, 120.00000002631447,14.699999277652497
0.6320000000000005, 7.5, 119.99999997368553,14.700000722347502
0.6330000000000005, 7.5, 120.00000002631447,14.699999277652497
0.6340000000000005, 7.5, 119.99999997368553,14.700000722347502
0.6350000000000005, 7.5, 120.00000002631447,14.699999277652497
0.6360000000000005, 7.5, 119.99999997368553,14.700000722347502
0.6370000000000005, 7.5, 120.00000002631447,14.699999277652497
0.6380000000000005, 7.5, 119.99999997368553,14.700000722347502
0.6390000000000005, 7.5, 120.00000002631447,14.699999277652497
0.6400000000000005, 7.5, 119.99999997368553,14.700000722347502
0.6410000000000005, 7.5, 120.00000002631447,14.699999277652497
0.6420000000000005, 7.5, 119.99999997368553,14.700000722347502
0.6430000000000005, 7.5, 120.00000002631447,14.699999277652497
0.6440000000000005, 7.5, 119.99999997368553,14.700000722347502
0.6450000000000005, 7.5, 120.00000002631447,14.699999277652497
0.6460000000000005, 7.5, 119.99999997368553,14.700000722347502
0.6470000000000005, 7.5, 120.00000002631447,14.699999277652497
0.6480000000000005, 7.5, 119.99999997368553,14.700000722347502
0.6490000000000005, 7.5, 120.00000002631447,14.699999277652497
0.6500000000000005, 7.5, 119.99999997368553,14.700000722347502
0.6510000000000005, 7.5, 120.00000002631447,14.699999277652497
0.6520000000000005, 7.5, 119.99999997368553,14.700000722347502
0.6530000000000005, 7.5, 120.00000002631447,14.699999277652497
0.6540000000000005, 7.5, 119.99999997368553,14.700000722347502
0.6550000000000005, 7.5, 120.00000002631447,14.699999277652497
0.6560000000000005, 7.5, 119.99999997368553,14.700000722347502
0.6570000000000005, 7.5, 120.00000002631447,14.699999277652497
0.6580000000000005, 7.5, 119.99999997368553,14.700000722347502
0.6590000000000005, 7.5, 120.00000002631447,14.699999277652497
0.6600000000000005, 7.5, 119.99999997368553,14.700000722347502
0.6610000000000005, 7.5, 120.00000002631447,14.699999277652497
0.6620000000000005, 7.5, 119.99999997368553,14.700000722347502
0.6630000000000005, 7.5, 120.00000002631447,14.699999277652497
0.6640000000000005, 7.5, 119.99999997368553,14.700000722347502
0.6650000000000005, 7.5, 120.00000002631447,14.699999277652497
0.6660000000000005, 7.5, 119.99999997368553,14.700000722347502
0.6670000000000005, 7.5, 120.00000002631447,14.699999277652497
0.6680000000000005, 7.5, 119.99999997368553,14.700000722347502
0.6690000000000005, 7.5, 120.00000002631447,14.699999277652497
0.6700000000000005, 7.5, 119.99999997368553,14.700000722347502
0.6710000000000005, 7.5, 120.00000002631447,14.699999277652497
0.6720000000000005, 7.5, 119.99999997368553,14.700000722347502
0.6730000000000005, 7.5, 120.00000002631447,14.699999277652497
0.6740000000000005, 7.5, 119.99999997368553,14.700000722347502
0.6750000000000005, 7.5, 120.00000002631447,14.699999277652497
0.6760000000000005, 7.5, 119.99999997368553,14.700000722347502
0.6770000000000005, 7.5, 120.00000002631447,14.699999277652497
0.6780000000000005, 7.5, 119.99999997368553,14.700000722347502
0.6790000000000005, 7.5, 120.00000002631447,14.699999277652497
0.6800000000000005, 7.5, 119.99999997368553,14.700000722347502
0.6810000000000005, 7.5, 120.00000002631447,14.699999277652497
0.6820000000000005, 7.5, 119.99999997368553,14.700000722347502
0.6830000000000005, 7.5, 120.00000002631447,14.699999277652497
0.6840000000000005, 7.5, 119.99999997368553,14.700000722347502
0.6850000000000005, 7.5, 120.00000002631447,14.699999277652497
0.6860000000000005, 7.5, 119.99999997368553,14.700000722347502
0.6870000000000005, 7.5, 120.00000002631447,14.699999277652497
0.6880000000000005, 7.5, 119.99999997368553,14.700000722347502
0.6890000000000005, 7.5, 120.00000002631447,14.699999277652497
0.6900000000000005, 7.5, 119.99999997368553,14.700000722347502
0.6910000000000005, 7.5, 120.00000002631447,14.699999277652497
0.6920000000000005, 7.5, 119.99999997368553,14.700000722347502
0.6930000000000005, 7.5, 120.00000002631447,14.699999277652497
0.6940000000000005, 7.5, 119.99999997368553,14.700000722347502
0.6950000000000005, 7.5, 120.00000002631447,14.699999277652497
0.6960000000000005, 7.5, 119.99999997368553,14.700000722347502
0.6970000000000005, 7.5, 120.00000002631447,14.699999277652497
0.6980000000000005, 7.5, 119.99999997368553,14.700000722347502
0.6990000000000005, 7.5, 120.00000002631447,14.699999277652497
0.7000000000000005, 7.5, 119.99999997368553,14.700000722347502
0.7010000000000005, 7.5, 120.00000002631447,14.699999277652497
0.7020000000000005, 7.5, 119.99999997368553,14.700000722347502
0.7030000000000005, 7.5, 120.00000002631447,14.699999277652497
0.7040000000000005, 7.5, 119.99999997368553,14.700000722347502
0.7050000000000005, 7.5, 120.00000002631447,14.699999277652497
0.7060000000000005, 7.5, 119.99999997368553,14.700000722347502
0.7070000000000005, 7.5, 120.00000002631447,14.699999277652497
0.7080000000000005, 7.5, 119.99999997368553,14.700000722347502
0.7090000000000005, 7.5, 120.00000002631447,14.699999277652497
0.7100000000000005, 7.5, 119.99999997368553,14.700000722347502
0.7110000000000005, 7.5, 120.00000002631447,14.699999277652497
0.7120000000000005, 7.5, 119.99999997368553,14.700000722347502
0.7130000000000005, 7.5, 120.00000002631447,14.699999277652497
0.7140000000000005, 7.5, 119.99999997368553,14.700000722347502
0.7150000000000005, 7.5, 120.00000002631447,14.699999277652497
0.7160000000000005, 7.5, 119.99999997368553,14.700000722347502
0.7170000000000005, 7.5, 120.00000002631447,14.699999277652497
0.7180000000000005, 7.5, 119.99999997368553,14.700000722347502
0.7190000000000005, 7.5, 120.00000002631447,14.699999277652497
0.7200000000000005, 7.5, 119.99999997368553,14.700000722347502
0.7210000000000005, 7.5, 120.00000002631447,14.699999277652497
0.7220000000000005, 7.5, 119.99999997368553,14.700000722347502
0.7230000000000005, 7.5, 120.00000002631447,14.699999277652497
0.7240000000000005, 7.5, 119.99999997368553,14.700000722347502
0.7250000000000005, 7.5, 120.00000002631447,14.699999277652497
0.7260000000000005, 7.5, 119.99999997368553,14.700000722347502
0.7270000000000005, 7.5, 120.00000002631447,14.699999277652497
0.7280000000000005, 7.5, 119.99999997368553,14.700000722347502
0.7290000000000005, 7.5, 120.00000002631447,14.699999277652497
0.7300000000000005, 7.5, 119.99999997368553,14.700000722347502
0.7310000000000005, 7.5, 120.00000002631447,14.699999277652497
0.7320000000000005, 7.5, 119.99999997368553,14.700000722347502
0.7330000000000005, 7.5, 120.00000002631447,14.699999277652497
0.7340000000000005, 7.5, 119.99999997368553,14.700000722347502
0.7350000000000005, 7.5, 120.00000002631447,14.699999277652497
0.7360000000000005, 7.5, 119.99999997368553,14.700000722347502
0.7370000000000005, 7.5, 120.00000002631447,14.699999277652497
0.7380000000000005, 7.5, 119.99999997368553,14.700000722347502
0.7390000000000005, 7.5, 120.00000002631447,14.699999277652497
0.7400000000000005, 7.5, 119.99999997368553,14.700000722347502
0.7410000000000005, 7.5, 120.00000002631447,14.699999277652497
0.7420000000000005, 7.5, 119.99999997368553,14.700000722347502
0.7430000000000005, 7.5, 120.00000002631447,14.699999277652497
0.7440000000000005, 7.5, 119.99999997368553,14.700000722347502
0.7450000000000006, 7.5, 120.00000002631447,14.699999277652497
0.7460000000000006, 7.5, 119.99999997368553,14.700000722347502
0.7470000000000006, 7.5, 120.00000002631447,14.699999277652497
0.7480000000000006, 7.5, 119.99999997368553,14.700000722347502
0.7490000000000006, 7.5, 120.00000002631447,14.699999277652497
0.7500000000000006, 7.5, 119.99999997368553,14.700000722347502
0.7510000000000006, 7.5, 120.00000002631447,14.699999277652497
0.7520000000000006, 7.5, 119.99999997368553,14.700000722347502
0.7530000000000006, 7.5, 120.00000002631447,14.699999277652497
0.7540000000000006, 7.5, 119.99999997368553,14.700000722347502
0.7550000000000006, 7.5, 120.00000002631447,14.699999277652497
0.7560000000000006, 7.5, 119.99999997368553,14.700000722347502
0.7570000000000006, 7.5, 120.00000002631447,14.699999277652497
0.7580000000000006, 7.5, 119.99999997368553,14.700000722347502
0.7590000000000006, 7.5, 120.00000002631447,14.699999277652497
0.7600000000000006, 7.5, 119.99999997368553,14.700000722347502
0.7610000000000006, 7.5, 120.00000002631447,14.699999277652497
0.7620000000000006, 7.5, 119.99999997368553,14.700000722347502
0.7630000000000006, 7.5, 120.00000002631447,14.699999277652497
0.7640000000000006, 7.5, 119.99999997368553,14.700000722347502
0.7650000000000006, 7.5, 120.00000002631447,14.699999277652497
0.7660000000000006, 7.5, 119.99999997368553,14.700000722347502
0.7670000000000006, 7.5, 120.00000002631447,14.699999277652497
0.7680000000000006, 7.5, 119.99999997368553,14.700000722347502
0.7690000000000006, 7.5, 120.00000002631447,14.699999277652497
0.7700000000000006, 7.5, 119.99999997368553,14.700000722347502
0.7710000000000006, 7.5, 120.00000002631447,14.699999277652497
0.7720000000000006, 7.5, 119.99999997368553,14.700000722347502
0.7730000000000006, 7.5, 120.00000002631447,14.699999277652497
0.7740000000000006, 7.5, 119.99999997368553,14.700000722347502
0.7750000000000006, 7.5, 120.00000002631447,14.699999277652497
0.7760000000000006, 7.5, 119.99999997368553,14.700000722347502
0.7770000000000006, 7.5, 120.00000002631447,14.699999277652497
0.7780000000000006, 7.5, 119.99999997368553,14.700000722347502
0.7790000000000006, 7.5, 120.00000002631447,14.699999277652497
0.7800000000000006, 7.5, 119.99999997368553,14.700000722347502
0.7810000000000006, 7.5, 120.00000002631447,14.699999277652497
0.7820000000000006, 7.5, 119.99999997368553,14.700000722347502
0.7830000000000006, 7.5, 120.00000002631447,14.699999277652497
0.7840000000000006, 7.5, 119.99999997368553,14.700000722347502
0.7850000000000006, 7.5, 120.00000002631447,14.699999277652497
0.7860000000000006, 7.5, 119.99999997368553,14.700000722347502
0.7870000000000006, 7.5, 120.00000002631447,14.699999277652497
0.7880000000000006, 7.5, 119.99999997368553,14.700000722347502
0.7890000000000006, 7.5, 120.00000002631447,14.699999277652497
0.7900000000000006, 7.5, 119.99999997368553,14.700000722347502
0.7910000000000006, 7.5, 120.00000002631447,14.699999277652497
0.7920000000000006, 7.5, 119.99999997368553,14.700000722347502
0.7930000000000006, 7.5, 120.00000002631447,14.699999277652497
0.7940000000000006, 7.5, 119.99999997368553,14.700000722347502
0.7950000000000006, 7.5, 120.00000002631447,14.699999277652497
0.7960000000000006, 7.5, 119.99999997368553,14.700000722347502
0.7970000000000006, 7.5, 120.00000002631447,14.699999277652497
0.7980000000000006, 7.5, 119.99999997368553,14.700000722347502
0.7990000000000006, 7.5, 120.00000002631447,14.699999277652497
0.8000000000000006, 7.5, 119.99999997368553,14.700000722347502
0.8010000000000006, 7.5, 120.00000002631447,14.699999277652497
0.8020000000000006, 7.5, 119.99999997368553,14.700000722347502
0.8030000000000006, 7.5, 120.00000002631447,14.699999277652497
0.8040000000000006, 7.5, 119.99999997368553,14.700000722347502
0.8050000000000006, 7.5, 120.00000002631447,14.699999277652497
0.8060000000000006, 7.5, 119.99999997368553,14.700000722347502
0.8070000000000006, 7.5, 120.00000002631447,14.699999277652497
0.8080000000000006, 7.5, 119.99999997368553,14.700000722347502
0.8090000000000006, 7.5, 120.00000002631447,14.699999277652497
0.8100000000000006, 7.5, 119.99999997368553,14.700000722347502
0.8110000000000006, 7.5, 120.00000002631447,14.699999277652497
0.8120000000000006, 7.5, 119.99999997368553,14.700000722347502
0.8130000000000006, 7.5, 120.00000002631447,14.699999277652497
0.8140000000000006, 7.5, 119.99999997368553,14.700000722347502
0.8150000000000006, 7.5, 120.00000002631447,14.699999277652497
0.8160000000000006, 7.5, 119.99999997368553,14.700000722347502
0.8170000000000006, 7.5, 120.00000002631447,14.699999277652497
0.8180000000000006, 7.5, 119.99999997368553,14.700000722347502
0.8190000000000006, 7.5, 120.00000002631447,14.699999277652497
0.8200000000000006, 7.5, 119.99999997368553,14.700000722347502
0.8210000000000006, 7.5, 120.00000002631447,14.699999277652497
0.8220000000000006, 7.5, 119.99999997368553,14.700000722347502
0.8230000000000006, 7.5, 120.00000002631447,14.699999277652497
0.8240000000000006, 7.5, 119.99999997368553,14.700000722347502
0.8250000000000006, 7.5, 120.00000002631447,14.699999277652497
0.8260000000000006, 7.5, 119.99999997368553,14.700000722347502
0.8270000000000006, 7.5, 120.00000002631447,14.699999277652497
0.8280000000000006, 7.5, 119.99999997368553,14.700000722347502
0.8290000000000006, 7.5, 120.00000002631447,14.699999277652497
0.8300000000000006, 7.5, 119.99999997368553,14.700000722347502
0.8310000000000006, 7.5, 120.00000002631447,14.699999277652497
0.8320000000000006, 7.5, 119.99999997368553,14.700000722347502
0.8330000000000006, 7.5, 120.00000002631447,14.699999277652497
0.8340000000000006, 7.5, 119.99999997368553,14.700000722347502
0.8350000000000006, 7.5, 120.00000002631447,14.699999277652497
0.8360000000000006, 7.5, 119.99999997368553,14.700000722347502
0.8370000000000006, 7.5, 120.00000002631447,14.699999277652497
0.8380000000000006, 7.5, 119.99999997368553,14.700000722347502
0.8390000000000006, 7.5, 120.00000002631447,14.699999277652497
0.8400000000000006, 7.5, 119.99999997368553,14.700000722347502
0.8410000000000006, 7.5, 120.00000002631447,14.699999277652497
0.8420000000000006, 7.5, 119.99999997368553,14.700000722347502
0.8430000000000006, 7.5, 120.00000002631447,14.699999277652497
0.8440000000000006, 7.5, 119.99999997368553,14.700000722347502
0.8450000000000006, 7.5, 120.00000002631447,14.699999277652497
0.8460000000000006, 7.5, 119.99999997368553,14.700000722347502
0.8470000000000006, 7.5, 120.00000002631447,14.699999277652497
0.8480000000000006, 7.5, 119.99999997368553,14.700000722347502
0.8490000000000006, 7.5, 120.00000002631447,14.699999277652497
0.8500000000000006, 7.5, 119.99999997368553,14.700000722347502
0.8510000000000006, 7.5, 120.00000002631447,14.699999277652497
0.8520000000000006, 7.5, 119.99999997368553,14.700000722347502
0.8530000000000006, 7.5, 120.00000002631447,14.699999277652497
0.8540000000000006, 7.5, 119.99999997368553,14.700000722347502
0.8550000000000006, 7.5, 120.00000002631447,14.699999277652497
0.8560000000000006, 7.5, 119.99999997368553,14.700000722347502
0.8570000000000007, 7.5, 120.00000002631447,14.699999277652497
0.8580000000000007, 7.5, 119.99999997368553,14.700000722347502
0.8590000000000007, 7.5, 120.00000002631447,14.699999277652497
0.8600000000000007, 7.5, 119.99999997368553,14.700000722347502
0.8610000000000007, 7.5, 120.00000002631447,14.699999277652497
0.8620000000000007, 7.5, 119.99999997368553,14.700000722347502
0.8630000000000007, 7.5, 120.00000002631447,14.699999277652497
0.8640000000000007, 7.5, 119.99999997368553,14.700000722347502
0.8650000000000007, 7.5, 120.00000002631447,14.699999277652497
0.8660000000000007, 7.5, 119.99999997368553,14.700000722347502
0.8670000000000007, 7.5, 120.00000002631447,14.699999277652497
0.8680000000000007, 7.5, 119.99999997368553,14.700000722347502
0.8690000000000007, 7.5, 120.00000002631447,14.699999277652497
0.8700000000000007, 7.5, 119.99999997368553,14.700000722347502
0.8710000000000007, 7.5, 120.00000002631447,14.699999277652497
0.8720000000000007, 7.5, 119.99999997368553,14.700000722347502
0.8730000000000007, 7.5, 120.00000002631447,14.699999277652497
0.8740000000000007, 7.5, 119.99999997368553,14.700000722347502
0.8750000000000007, 7.5, 120.00000002631447,14.699999277652497
0.8760000000000007, 7.5, 119.99999997368553,14.700000722347502
0.8770000000000007, 7.5, 120.00000002631447,14.699999277652497
0.8780000000000007, 7.5, 119.99999997368553,14.700000722347502
0.8790000000000007, 7.5, 120.00000002631447,14.699999277652497
0.8800000000000007, 7.5, 119.99999997368553,14.700000722347502
0.8810000000000007, 7.5, 120.00000002631447,14.699999277652497
0.8820000000000007, 7.5, 119.99999997368553,14.700000722347502
0.8830000000000007, 7.5, 120.00000002631447,14.699999277652497
0.8840000000000007, 7.5, 119.99999997368553,14.700000722347502
0.8850000000000007, 7.5, 120.00000002631447,14.699999277652497
0.8860000000000007, 7.5, 119.99999997368553,14.700000722347502
0.8870000000000007, 7.5, 120.00000002631447,14.699999277652497
0.8880000000000007, 7.5, 119.99999997368553,14.700000722347502
0.8890000000000007, 7.5, 120.00000002631447,14.699999277652497
0.8900000000000007, 7.5, 119.99999997368553,14.700000722347502
0.8910000000000007, 7.5, 120.00000002631447,14.699999277652497
0.8920000000000007, 7.5, 119.99999997368553,14.700000722347502
0.8930000000000007, 7.5, 120.00000002631447,14.699999277652497
0.8940000000000007, 7.5, 119.99999997368553,14.700000722347502
0.8950000000000007, 7.5, 120.00000002631447,14.699999277652497
0.8960000000000007, 7.5, 119.99999997368553,14.700000722347502
0.8970000000000007, 7.5, 120.00000002631447,14.699999277652497
0.8980000000000007, 7.5, 119.99999997368553,14.700000722347502
0.8990000000000007, 7.5, 120.00000002631447,14.699999277652497
0.9000000000000007, 7.5, 119.99999997368553,14.700000722347502
0.9010000000000007, 7.5, 120.00000002631447,14.699999277652497
0.9020000000000007, 7.5, 119.99999997368553,14.700000722347502
0.9030000000000007, 7.5, 120.00000002631447,14.699999277652497
0.9040000000000007, 7.5, 119.99999997368553,14.700000722347502
0.9050000000000007, 7.5, 120.00000002631447,14.699999277652497
0.9060000000000007, 7.5, 119.99999997368553,14.700000722347502
0.9070000000000007, 7.5, 120.00000002631447,14.699999277652497
0.9080000000000007, 7.5, 119.99999997368553,14.700000722347502
0.9090000000000007, 7.5, 120.00000002631447,14.699999277652497
0.9100000000000007, 7.5, 119.99999997368553,14.700000722347502
0.9110000000000007, 7.5, 120.00000002631447,14.699999277652497
0.9120000000000007, 7.5, 119.99999997368553,14.700000722347502
0.9130000000000007, 7.5, 120.00000002631447,14.699999277652497
0.9140000000000007, 7.5, 119.99999997368553,14.700000722347502
0.9150000000000007, 7.5, 120.00000002631447,14.699999277652497
0.9160000000000007, 7.5, 119.99999997368553,14.700000722347502
0.9170000000000007, 7.5, 120.00000002631447,14.699999277652497
0.9180000000000007, 7.5, 119.99999997368553,14.700000722347502
0.9190000000000007, 7.5, 120.00000002631447,14.699999277652497
0.9200000000000007, 7.5, 119.99999997368553,14.700000722347502
0.9210000000000007, 7.5, 120.00000002631447,14.699999277652497
0.9220000000000007, 7.5, 119.99999997368553,14.700000722347502
0.9230000000000007, 7.5, 120.00000002631447,14.699999277652497
0.9240000000000007, 7.5, 119.99999997368553,14.700000722347502
0.9250000000000007, 7.5, 120.00000002631447,14.699999277652497
0.9260000000000007, 7.5, 119.99999997368553,14.700000722347502
0.9270000000000007, 7.5, 120.00000002631447,14.699999277652497
0.9280000000000007, 7.5, 119.99999997368553,14.700000722347502
0.9290000000000007, 7.5, 120.00000002631447,14.699999277652497
0.9300000000000007, 7.5, 119.99999997368553,14.700000722347502
0.9310000000000007, 7.5, 120.00000002631447,14.699999277652497
0.9320000000000007, 7.5, 119.99999997368553,14.700000722347502
0.9330000000000007, 7.5, 120.00000002631447,14.699999277652497
0.9340000000000007, 7.5, 119.99999997368553,14.700000722347502
0.9350000000000007, 7.5, 120.00000002631447,14.699999277652497
0.9360000000000007, 7.5, 119.99999997368553,14.700000722347502
0.9370000000000007, 7.5, 120.00000002631447,14.699999277652497
0.9380000000000007, 7.5, 119.99999997368553,14.700000722347502
0.9390000000000007, 7.5, 120.00000002631447,14.699999277652497
0.9400000000000007, 7.5, 119.99999997368553,14.700000722347502
0.9410000000000007, 7.5, 120.00000002631447,14.699999277652497
0.9420000000000007, 7.5, 119.99999997368553,14.700000722347502
0.9430000000000007, 7.5, 120.00000002631447,14.699999277652497
0.9440000000000007, 7.5, 119.99999997368553,14.700000722347502
0.9450000000000007, 7.5, 120.00000002631447,14.699999277652497
0.9460000000000007, 7.5, 119.99999997368553,14.700000722347502
0.9470000000000007, 7.5, 120.00000002631447,14.699999277652497
0.9480000000000007, 7.5, 119.99999997368553,14.700000722347502
0.9490000000000007, 7.5, 120.00000002631447,14.699999277652497
0.9500000000000007, 7.5, 119.99999997368553,14.700000722347502
0.9510000000000007, 7.5, 120.00000002631447,14.699999277652497
0.9520000000000007, 7.5, 119.99999997368553,14.700000722347502
0.9530000000000007, 7.5, 120.00000002631447,14.699999277652497
0.9540000000000007, 7.5, 119.99999997368553,14.700000722347502
0.9550000000000007, 7.5, 120.00000002631447,14.699999277652497
0.9560000000000007, 7.5, 119.99999997368553,14.700000722347502
0.9570000000000007, 7.5, 120.00000002631447,14.699999277652497
0.9580000000000007, 7.5, 119.99999997368553,14.700000722347502
0.9590000000000007, 7.5, 120.00000002631447,14.699999277652497
0.9600000000000007, 7.5, 119.99999997368553,14.700000722347502
0.9610000000000007, 7.5, 120.00000002631447,14.699999277652497
0.9620000000000007, 7.5, 119.99999997368553,14.700000722347502
0.9630000000000007, 7.5, 120.00000002631447,14.699999277652497
0.9640000000000007, 7.5, 119.99999997368553,14.700000722347502
0.9650000000000007, 7.5, 120.00000002631447,14.699999277652497
0.9660000000000007, 7.5, 119.99999997368553,14.700000722347502
0.9670000000000007, 7.5, 120.00000002631447,14.699999277652497
0.9680000000000007, 7.5, 119.99999997368553,14.700000722347502
0.9690000000000007, 7.5, 120.00000002631447,14.699999277652497
0.9700000000000008, 7.5, 119.99999997368553,14.700000722347502
0.9710000000000008, 7.5, 120.00000002631447,14.699999277652497
0.9720000000000008, 7.5, 119.99999997368553,14.700000722347502
0.9730000000000008, 7.5, 120.00000002631447,14.699999277652497
0.9740000000000008, 7.5, 119.99999997368553,14.700000722347502
0.9750000000000008, 7.5, 120.00000002631447,14.699999277652497
0.9760000000000008, 7.5, 119.99999997368553,14.700000722347502
0.9770000000000008, 7.5, 120.00000002631447,14.699999277652497
0.9780000000000008, 7.5, 119.99999997368553,14.700000722347502
0.9790000000000008, 7.5, 120.00000002631447,14.699999277652497
0.9800000000000008, 7.5, 119.99999997368553,14.700000722347502
0.9810000000000008, 7.5, 120.00000002631447,14.699999277652497
0.9820000000000008, 7.5, 119.99999997368553,14.700000722347502
0.9830000000000008, 7.5, 120.00000002631447,14.699999277652497
0.9840000000000008, 7.5, 119.99999997368553,14.700000722347502
0.9850000000000008, 7.5, 120.00000002631447,14.699999277652497
0.9860000000000008, 7.5, 119.99999997368553,14.700000722347502
0.9870000000000008, 7.5, 120.00000002631447,14.699999277652497
0.9880000000000008, 7.5, 119.99999997368553,14.700000722347502
0.9890000000000008, 7.5, 120.00000002631447,14.699999277652497
0.9900000000000008, 7.5, 119.99999997368553,14.700000722347502
0.9910000000000008, 7.5, 120.00000002631447,14.699999277652497
0.9920000000000008, 7.5, 119.99999997368553,14.700000722347502
0.9930000000000008, 7.5, 120.00000002631447,14.699999277652497
0.9940000000000008, 7.5, 119.99999997368553,14.700000722347502
0.9950000000000008, 7.5, 120.00000002631447,14.699999277652497
0.9960000000000008, 7.5, 119.99999997368553,14.700000722347502
0.9970000000000008, 7.5, 120.00000002631447,14.699999277652497
0.9980000000000008, 7.5, 119.99999997368553,14.700000722347502
0.9990000000000008, 7.5, 120.00000002631447,14.699999277652497
